*	3	4	5	6	7	8
8	1.07
9	1.14	1.30
10	1.06	1.18	1.01
11	0.90	0.97	0.79	0.66
12	0.84	0.90	0.73	0.61	0.59
13	0.819	0.873	0.716	0.603	0.589	0.490
*	3	4	5	6	7	8
8	0.15
9	0.05	0.28
10	0.06	0.37	0.28
11	0.05	0.30	0.21	0.31
12	0.11	0.35	0.28	0.37	0.50
13	0.162	0.392	0.338	0.429	0.554	0.566
*	3	4	5	6	7	8
8	0.26
9	0.14	0.07
10	0.28	0.24	0.16
11	0.36	0.35	0.30	0.36
12	0.37	0.36	0.32	0.37	0.42
13	0.339	0.324	0.287	0.322	0.357	0.381
*	3	4	5	6	7	8
8	0.86
9	0.82	0.86
10	0.77	0.79	0.76
11	0.69	0.68	0.63	0.57
12	0.51	0.48	0.41	0.31	0.04
13	0.590	0.573	0.512	0.449	0.253	0.187
*	3	4	5	6	7	8
8	0.24
9	0.13	0.19
10	0.13	0.17	0.06
11	0.32	0.39	0.25	0.16
12	0.39	0.46	0.36	0.32	0.39
13	0.334	0.380	0.302	0.262	0.309	0.465
*	3	4	5	6	7	8
8	0.02
9	0.01	0.02
10	0.01	0.01	0.01
11	0.01	0.03	0.02	0.04
12	0.19	0.19	0.23	0.33	0.33
13	0.170	0.173	0.205	0.282	0.275	0.331
*	3	4	5	6	7	8
8	0.13
9	0.19	0.30
10	0.33	0.46	0.58
11	0.29	0.37	0.47	0.42
12	0.31	0.40	0.48	0.43	0.40
13	0.248	0.305	0.369	0.323	0.286	0.335
