### var1 :  el_sc_eta 
### var2 :  el_pt 
  -2.500	  -2.000	 +10.000	 +20.000	0.403	0.003	0.334	0.007	-1.000	-1.000	0.317	0.336
  -2.000	  -1.566	 +10.000	 +20.000	0.465	0.003	0.458	0.007	-1.000	-1.000	0.439	0.454
  -1.566	  -1.444	 +10.000	 +20.000	0.271	0.005	0.217	0.012	-1.000	-1.000	0.203	0.203
  -1.444	  -0.800	 +10.000	 +20.000	0.360	0.002	0.366	0.006	-1.000	-1.000	0.354	0.363
  -0.800	  +0.000	 +10.000	 +20.000	0.409	0.002	0.423	0.006	-1.000	-1.000	0.415	0.420
  +0.000	  +0.800	 +10.000	 +20.000	0.423	0.002	0.419	0.006	-1.000	-1.000	0.417	0.413
  +0.800	  +1.444	 +10.000	 +20.000	0.364	0.003	0.363	0.006	-1.000	-1.000	0.348	0.363
  +1.444	  +1.566	 +10.000	 +20.000	0.233	0.005	0.211	0.012	-1.000	-1.000	0.196	0.204
  +1.566	  +2.000	 +10.000	 +20.000	0.452	0.003	0.456	0.007	-1.000	-1.000	0.429	0.458
  +2.000	  +2.500	 +10.000	 +20.000	0.408	0.002	0.332	0.007	-1.000	-1.000	0.325	0.325
  -2.500	  -2.000	 +20.000	 +35.000	0.625	0.001	0.541	0.002	-1.000	-1.000	0.535	0.532
  -2.000	  -1.566	 +20.000	 +35.000	0.655	0.001	0.650	0.002	-1.000	-1.000	0.646	0.640
  -1.566	  -1.444	 +20.000	 +35.000	0.395	0.001	0.396	0.005	-1.000	-1.000	0.388	0.382
  -1.444	  -0.800	 +20.000	 +35.000	0.556	0.001	0.588	0.002	-1.000	-1.000	0.583	0.579
  -0.800	  +0.000	 +20.000	 +35.000	0.610	0.001	0.650	0.001	-1.000	-1.000	0.648	0.639
  +0.000	  +0.800	 +20.000	 +35.000	0.624	0.001	0.651	0.001	-1.000	-1.000	0.652	0.640
  +0.800	  +1.444	 +20.000	 +35.000	0.546	0.001	0.579	0.002	-1.000	-1.000	0.575	0.568
  +1.444	  +1.566	 +20.000	 +35.000	0.378	0.001	0.394	0.005	-1.000	-1.000	0.391	0.385
  +1.566	  +2.000	 +20.000	 +35.000	0.645	0.001	0.641	0.002	-1.000	-1.000	0.636	0.629
  +2.000	  +2.500	 +20.000	 +35.000	0.617	0.001	0.541	0.002	-1.000	-1.000	0.528	0.533
  -2.500	  -2.000	 +35.000	 +50.000	0.736	0.001	0.673	0.002	-1.000	-1.000	0.660	0.674
  -2.000	  -1.566	 +35.000	 +50.000	0.771	0.001	0.764	0.001	-1.000	-1.000	0.763	0.764
  -1.566	  -1.444	 +35.000	 +50.000	0.588	0.001	0.574	0.003	-1.000	-1.000	0.577	0.577
  -1.444	  -0.800	 +35.000	 +50.000	0.693	0.001	0.728	0.001	-1.000	-1.000	0.725	0.728
  -0.800	  +0.000	 +35.000	 +50.000	0.738	0.001	0.775	0.001	-1.000	-1.000	0.774	0.775
  +0.000	  +0.800	 +35.000	 +50.000	0.743	0.001	0.775	0.001	-1.000	-1.000	0.774	0.774
  +0.800	  +1.444	 +35.000	 +50.000	0.690	0.001	0.720	0.001	-1.000	-1.000	0.718	0.720
  +1.444	  +1.566	 +35.000	 +50.000	0.569	0.001	0.566	0.003	-1.000	-1.000	0.570	0.568
  +1.566	  +2.000	 +35.000	 +50.000	0.764	0.001	0.764	0.001	-1.000	-1.000	0.760	0.763
  +2.000	  +2.500	 +35.000	 +50.000	0.729	0.001	0.671	0.002	-1.000	-1.000	0.660	0.671
  -2.500	  -2.000	 +50.000	+100.000	0.786	0.001	0.741	0.004	-1.000	-1.000	0.725	0.738
  -2.000	  -1.566	 +50.000	+100.000	0.815	0.001	0.817	0.003	-1.000	-1.000	0.813	0.815
  -1.566	  -1.444	 +50.000	+100.000	0.642	0.002	0.626	0.007	-1.000	-1.000	0.615	0.621
  -1.444	  -0.800	 +50.000	+100.000	0.752	0.001	0.787	0.002	-1.000	-1.000	0.784	0.786
  -0.800	  +0.000	 +50.000	+100.000	0.791	0.001	0.829	0.002	-1.000	-1.000	0.825	0.827
  +0.000	  +0.800	 +50.000	+100.000	0.793	0.001	0.827	0.001	-1.000	-1.000	0.823	0.827
  +0.800	  +1.444	 +50.000	+100.000	0.749	0.001	0.776	0.002	-1.000	-1.000	0.774	0.773
  +1.444	  +1.566	 +50.000	+100.000	0.606	0.002	0.603	0.007	-1.000	-1.000	0.614	0.600
  +1.566	  +2.000	 +50.000	+100.000	0.814	0.001	0.813	0.003	-1.000	-1.000	0.810	0.812
  +2.000	  +2.500	 +50.000	+100.000	0.778	0.001	0.748	0.004	-1.000	-1.000	0.728	0.747
  -2.500	  -2.000	+100.000	+200.000	0.851	0.006	0.823	0.021	-1.000	-1.000	0.822	0.846
  -2.000	  -1.566	+100.000	+200.000	0.876	0.004	0.876	0.014	-1.000	-1.000	0.888	0.873
  -1.566	  -1.444	+100.000	+200.000	0.670	0.011	0.685	0.036	-1.000	-1.000	0.675	0.701
  -1.444	  -0.800	+100.000	+200.000	0.834	0.003	0.863	0.009	-1.000	-1.000	0.837	0.869
  -0.800	  +0.000	+100.000	+200.000	0.858	0.002	0.893	0.006	-1.000	-1.000	0.874	0.899
  +0.000	  +0.800	+100.000	+200.000	0.861	0.002	0.876	0.007	-1.000	-1.000	0.873	0.874
  +0.800	  +1.444	+100.000	+200.000	0.837	0.003	0.837	0.009	-1.000	-1.000	0.827	0.837
  +1.444	  +1.566	+100.000	+200.000	0.701	0.011	0.642	0.041	-1.000	-1.000	0.620	0.613
  +1.566	  +2.000	+100.000	+200.000	0.868	0.004	0.878	0.013	-1.000	-1.000	0.874	0.876
  +2.000	  +2.500	+100.000	+200.000	0.844	0.006	0.836	0.019	-1.000	-1.000	0.825	0.840
  -2.500	  -2.000	+200.000	+500.000	0.875	0.020	0.914	0.058	-1.000	-1.000	0.842	0.900
  -2.000	  -1.566	+200.000	+500.000	0.908	0.012	0.903	0.042	-1.000	-1.000	0.910	0.890
  -1.566	  -1.444	+200.000	+500.000	0.707	0.031	0.799	0.103	-1.000	-1.000	0.682	0.787
  -1.444	  -0.800	+200.000	+500.000	0.853	0.008	0.900	0.025	-1.000	-1.000	0.857	0.895
  -0.800	  +0.000	+200.000	+500.000	0.903	0.006	0.872	0.029	-1.000	-1.000	0.897	0.877
  +0.000	  +0.800	+200.000	+500.000	0.901	0.006	0.936	0.015	-1.000	-1.000	0.902	0.946
  +0.800	  +1.444	+200.000	+500.000	0.876	0.007	0.885	0.026	-1.000	-1.000	0.886	0.887
  +1.444	  +1.566	+200.000	+500.000	0.731	0.034	0.670	0.123	-1.000	-1.000	0.636	0.644
  +1.566	  +2.000	+200.000	+500.000	0.911	0.013	0.931	0.030	-1.000	-1.000	0.894	0.942
  +2.000	  +2.500	+200.000	+500.000	0.889	0.019	0.809	0.067	-1.000	-1.000	0.922	0.834
