0
0
0
0
0
0
0
0
0
0
0
0
0
0
0
0
0
0
0
0
0
151
2269
2448
2458
2419
2683
2515
2584
2606
2652
2618
2542
2592
2521
2638
2569
2446
2460
2428
2340
2349
2340
2181
2236
2223
2118
2070
1994
1974
1905
1913
1900
1704
1787
1816
1770
1700
1594
1644
1549
1498
1535
1504
1506
1514
1431
1404
1380
1372
1367
1193
1234
1577
1812
1333
1148
1086
1087
974
990
1016
916
973
947
1027
931
892
859
860
770
793
787
915
944
822
790
714
677
733
693
699
623
664
681
729
592
618
728
669
605
586
603
976
744
516
557
498
523
514
522
506
498
480
492
479
511
527
452
491
470
500
446
481
455
450
465
432
440
413
401
420
423
407
421
419
392
409
376
418
351
387
459
349
395
373
375
338
351
335
347
313
318
336
295
351
335
322
398
498
373
312
294
305
286
309
307
312
275
300
288
325
293
290
330
294
257
277
295
269
277
283
261
328
564
373
261
253
284
256
270
257
267
675
445
247
249
237
207
242
249
248
229
233
255
227
257
246
238
229
268
583
660
256
244
230
210
230
223
221
240
241
233
218
223
211
247
208
188
196
241
216
224
208
259
265
208
206
213
194
177
219
201
204
207
206
183
188
217
242
213
188
188
184
187
222
180
206
228
183
158
204
195
189
162
168
199
187
195
183
205
206
179
208
196
189
181
150
158
162
181
209
210
167
153
170
165
200
197
183
162
205
173
192
166
157
178
180
286
378
192
157
168
197
196
162
187
209
189
183
176
160
209
206
171
171
182
220
259
305
191
164
153
151
159
151
158
151
135
141
158
159
138
155
155
155
131
146
150
139
139
145
122
120
141
132
135
156
133
149
158
136
146
142
149
142
128
141
132
141
143
149
135
140
145
126
137
166
168
129
146
169
235
153
112
117
99
115
115
117
108
122
115
157
112
124
107
111
109
235
1053
723
181
111
95
96
98
110
109
118
107
95
97
100
86
91
89
108
112
85
92
110
112
123
124
96
78
92
84
61
76
70
68
72
80
95
140
67
67
64
64
81
50
51
73
54
48
49
47
50
54
35
42
57
79
462
1086
377
59
42
34
29
32
34
31
39
41
37
36
32
35
46
67
38
39
30
22
21
26
36
35
48
59
43
26
22
26
22
27
25
36
25
35
26
25
27
25
34
32
96
622
1041
335
35
27
22
25
16
21
24
21
15
21
24
17
29
19
15
33
26
20
23
15
16
22
16
27
16
18
24
17
15
27
12
21
18
12
15
15
20
19
16
24
32
16
40
44
35
21
20
16
15
24
17
19
10
24
23
14
22
25
24
18
21
12
12
15
10
8
10
13
19
11
16
8
7
16
14
17
15
13
14
14
13
13
9
11
12
13
15
11
15
19
21
17
28
18
8
9
10
10
17
17
12
11
25
71
83
61
11
13
10
14
16
9
6
11
12
12
13
10
9
14
15
14
15
11
9
11
13
17
13
8
13
14
20
33
16
10
14
14
10
8
10
8
8
9
19
12
14
14
7
12
15
15
10
15
15
11
8
10
11
8
8
18
11
11
10
11
10
10
11
13
11
15
13
7
11
18
5
11
16
8
8
9
9
14
4
6
9
14
8
9
9
11
14
6
5
9
12
8
11
10
7
6
15
9
21
10
13
9
9
7
6
8
13
7
13
15
6
8
12
8
13
22
31
28
18
13
16
15
14
15
9
14
7
7
11
12
8
6
8
11
7
8
9
8
6
9
10
12
11
8
15
17
16
13
16
24
20
22
37
18
13
18
20
9
15
8
10
14
6
13
8
7
8
8
10
11
6
6
13
12
12
10
10
8
11
10
5
11
7
11
9
9
18
10
7
13
19
11
6
12
10
5
7
14
10
10
9
16
6
16
12
8
11
14
9
11
16
12
11
12
11
9
9
8
6
7
8
7
13
7
9
5
12
7
9
5
10
5
5
5
9
17
11
7
8
8
5
7
1
3
5
4
11
7
6
5
7
5
8
4
11
7
9
12
8
7
9
6
1
3
6
1
1
2
1
2
0
1
2
1
5
3
0
5
2
2
4
0
4
1
3
1
3
3
2
1
4
6
15
49
130
129
49
3
3
3
4
0
0
0
1
1
1
1
3
1
0
0
0
0
0
1
0
0
0
0
0
2
1
0
1
2
3
2
1
0
3
4
2
2
3
5
8
9
3
4
7
8
8
7
6
8
5
2
2
0
0
1
0
2
1
1
1
0
1
0
1
2
0
2
1
1
2
0
2
1
0
1
1
0
1
0
0
0
2
1
0
1
1
1
0
0
0
0
0
0
1
0
0
0
1
1
1
0
0
0
0
0
1
1
0
0
1
0
0
0
0
0
1
0
0
