15
7
9
5
11
11
13
4
5
6
14
4
3
13
7
9
4
5
7
16
23
280
4398
5274
4979
4895
4947
4921
4936
5039
4844
4843
4866
4928
4986
4950
5100
4996
5108
4965
5034
5060
5016
5012
5196
4995
5192
5259
5335
5191
5268
5126
5312
5166
5215
5180
5276
5245
5267
5191
5352
5220
5217
5182
5165
5225
5105
5134
5246
5158
5152
5131
5153
5342
5268
5216
5320
5310
5344
5290
5293
5432
5472
5290
5306
5225
5149
5274
5359
5406
5394
5222
5351
5189
5281
5193
5112
5101
5221
5172
5209
5159
5069
4935
5065
5077
4908
4936
4798
4941
5061
4966
4925
4892
4862
4953
4934
4782
5080
4887
5021
4866
4871
4951
4936
4971
5040
5052
5079
5312
5471
5577
5792
5962
6022
6106
6180
6239
6408
6266
6363
6388
6241
6302
6396
6403
6369
6318
6403
6292
6379
6176
6273
6192
6199
6113
6021
6181
6095
5857
5912
6060
5755
5790
5762
5662
5594
5655
5681
5724
5560
5588
5644
5534
5472
5382
5347
5465
5329
5211
5206
5308
5200
5191
5140
5125
5022
5064
4989
5046
4914
4950
5003
4898
4965
4852
4936
4771
4797
4845
4906
4938
4741
4675
4685
4594
4557
4616
4539
4424
4471
4399
4496
4391
4410
4261
4345
4275
4333
4217
4237
4241
4200
4209
4198
4145
4182
4221
4087
4201
4041
4076
4004
4123
4142
4004
3971
3892
3960
4010
4004
4063
3973
4009
3871
4007
3953
3876
3879
3928
3898
3745
3872
3986
3775
3810
3837
3815
3751
3852
3957
3883
3814
3792
3709
3746
3802
3716
3658
3806
3752
3788
3687
3727
3750
3758
3791
3712
3722
3583
3620
3690
3829
3627
3719
3641
3650
3645
3648
3674
3708
3610
3788
3607
3562
3692
3686
3550
3622
3566
3625
3602
3663
3524
3644
3554
3578
3557
3520
3549
3560
3552
3510
3508
3642
3571
3454
3562
3491
3544
3451
3482
3461
3396
3567
3313
3464
3533
3487
3433
3384
3462
3407
3498
3449
3546
3457
3501
3527
3571
3624
3568
3539
3402
3388
3399
3375
3502
3364
3385
3439
3444
3423
3434
3479
3269
3407
3320
3404
3371
3438
3432
3498
3260
3360
3491
3522
3353
3545
3365
3382
3435
3386
3360
3344
3387
3396
3415
3343
3265
3450
3392
3396
3396
3400
3449
3305
3426
3423
3568
3429
3404
3442
3369
3330
3434
3430
3500
3309
3283
3467
3440
3536
3438
3485
3507
3303
3413
3413
3518
3351
3467
3441
3378
3482
3475
3570
3602
3451
3445
3379
3420
3441
3419
3406
3440
3494
3570
3368
3371
3474
3443
3452
3534
3474
3535
3519
3382
3376
3596
3582
3518
3580
3414
3673
3620
3676
3595
3586
3641
3524
3527
3520
3422
3471
3557
3603
3609
3543
3512
3575
3700
3591
3402
3580
3579
3500
3506
3647
3622
3639
3533
3592
3662
3714
3507
3553
3500
3556
3623
3640
3643
3552
3638
3704
3737
3710
3640
3707
3783
3735
3747
3767
3727
3680
3762
3745
3742
3803
3715
3837
3672
3723
3783
3786
3821
3885
3949
3953
3804
3866
3725
3864
3925
3822
3862
3903
3931
3919
3938
3914
3993
3886
3879
3986
4000
3962
3882
4045
3964
3949
4057
4051
3991
4067
4028
4101
4092
4078
3980
4115
4178
4201
4095
4153
4203
4191
4118
4235
4161
4366
4254
4329
4468
4448
4569
4484
4377
4414
4189
4260
4423
4376
4300
4471
4496
4459
4390
4501
4468
4533
4487
4657
4459
4587
4599
4581
4648
4582
4516
4838
4743
4811
4672
4677
4754
4763
4843
4829
4907
4752
4912
4798
4822
4963
4841
4982
4921
5103
5013
5029
5073
5094
5145
5107
5179
5199
5133
5305
5218
5190
5344
5304
5342
5408
5194
5469
5494
5549
5508
5606
5755
5634
5597
5739
5546
5725
5860
5835
5920
5799
6015
5910
6175
6019
6091
6164
6124
6080
6185
6202
6126
6399
6277
6359
6483
6357
6392
6350
6254
6200
6128
6008
5789
5658
5457
5417
5241
5191
4905
5042
4820
4781
4684
4755
4801
4735
4757
4653
4663
4636
4558
4614
4593
4443
4583
4539
4571
4431
4436
4530
4496
4447
4455
4451
4428
4450
4341
4398
4291
4354
4283
4327
4324
4353
4250
4459
4323
4317
4269
4319
4119
4182
4157
4313
4125
4167
4116
4139
4185
4129
4080
4033
4159
4107
4091
4032
4049
4071
3987
3978
3965
3968
3960
4037
3976
3962
4055
4118
4050
3966
4094
4065
4068
4018
4002
4137
4017
4079
4047
4177
4206
4193
4204
4128
4194
4296
4200
4290
4445
4295
4354
4268
4327
4387
4264
4284
4206
4064
3900
3930
3620
3587
3317
3151
3236
3102
2958
2839
2835
2726
2801
2810
2695
2720
2645
2660
2629
2629
2631
2621
2657
2697
2787
2740
2927
2974
3183
3347
3438
3518
3731
4226
4899
6544
10311
19070
34006
53975
68306
64434
42997
20254
7620
3450
2422
2179
2083
1922
1945
1922
1879
1772
1705
1745
1595
1694
1628
1665
1522
1491
1459
1526
1441
1388
1432
1404
1392
1352
1283
1279
1242
1205
1216
1146
1165
1152
1103
1137
1036
1099
1045
1041
1042
1056
1012
986
961
1035
952
917
930
890
911
838
870
887
917
870
873
926
856
835
797
880
819
852
852
808
849
870
803
876
795
836
837
816
758
863
827
875
882
817
832
805
842
878
835
870
871
860
940
972
1021
1066
1186
1223
1376
1441
1666
1785
2119
2427
2942
4011
6638
12090
22982
39280
54762
58220
45748
25794
10411
3398
1515
1083
904
857
826
797
766
747
738
780
693
658
697
673
710
652
661
663
650
710
671
662
651
723
669
727
711
711
673
679
644
668
636
676
691
682
742
662
652
669
700
676
695
635
659
604
672
653
668
638
679
679
608
611
675
676
672
623
635
617
623
557
615
659
601
597
565
646
663
607
622
568
685
617
604
594
655
629
589
627
643
651
728
687
736
681
664
626
610
592
618
593
576
608
589
595
598
619
661
583
633
589
597
609
588
606
639
3
8
