1
0
1
0
0
2
0
1
0
1
4
0
1
0
1
0
0
1
5
18
30
1881
12763
11929
11968
11732
11791
12037
12054
11987
12239
12392
12476
12599
12495
12601
12549
12562
12361
12383
12179
12634
12466
12194
11861
12209
11944
11925
11645
11838
11606
11625
11655
11495
11613
11383
11341
11513
11388
11941
12271
12995
13682
14037
14533
14729
14583
14612
14719
14763
14632
14701
14672
14355
14264
14077
13972
13511
13612
13357
13055
13439
13006
12681
12414
12439
12415
11838
12123
11735
11830
11609
11452
11395
11280
11338
11444
10967
10660
10580
10399
10350
10136
9981
10126
9956
10073
9675
9841
9529
9508
9493
9302
9292
9240
9162
8987
8919
8905
8819
8825
8799
8608
8452
8603
8479
8423
8337
8345
8539
8352
7970
8240
8113
7972
8095
8261
7881
8109
7986
8012
8095
7870
7781
7930
7975
7816
7795
7794
7853
7762
7846
7727
7669
7693
7428
7769
7696
7647
7582
7611
7733
7688
7697
7773
7795
8043
7589
7668
7619
7535
7487
7606
7527
7652
7748
7680
7634
7532
7574
7562
7555
7574
7470
7626
7570
7623
7508
7755
7784
7595
7567
7462
7665
7633
7623
7614
7626
7764
7571
7759
7760
7694
7708
7677
7727
7782
7612
7625
7898
7873
7900
7904
7990
7861
7850
8038
7974
7962
7954
8067
8028
8078
8013
8020
8136
8085
8236
8291
8035
7947
8210
8004
8305
8404
8262
8413
8147
8489
8306
8486
8508
8564
8483
8497
8545
8716
8748
8582
8536
8827
8647
8792
8919
8855
8915
9031
9069
9204
9159
9239
9151
9408
9211
9491
9489
9612
9516
9489
9596
9738
9710
10023
10285
10353
10261
10230
10236
10153
10120
10278
10368
10572
10664
10584
10635
10849
10798
10830
11118
11287
11302
11197
11418
11430
11576
11618
11745
11842
12063
12142
12320
12628
12437
12741
13062
13164
12995
13255
13570
13534
13607
13935
14128
14286
14108
14587
14754
14959
15020
14892
15008
14511
13693
12909
12194
11418
11357
11271
10863
10686
10806
10860
10705
10470
10295
10439
10365
10222
10222
10295
10195
10024
9944
9988
9924
9940
9641
9565
9586
9557
9336
9394
9379
9300
9044
9265
9166
9154
9185
9172
9277
9324
9265
9371
9296
9594
9532
9586
9743
9766
9802
9961
9827
9768
9627
9349
8620
7698
7137
6736
6385
6077
5869
5777
5728
5783
5720
5859
5929
6246
6455
7292
10579
29684
76201
113307
112149
60416
13940
4687
4029
3744
3620
3506
3268
3154
2945
2876
2830
2718
2377
2382
2278
2221
2114
2056
1961
1851
1843
1742
1638
1570
1589
1473
1505
1456
1443
1495
1367
1439
1398
1431
1347
1288
1358
1291
1349
1261
1356
1319
1391
1418
1474
1692
1890
2286
2836
4357
13578
44135
81730
94895
80517
30036
4525
1356
1061
1082
1035
1001
954
978
905
949
866
942
893
876
913
885
905
871
874
911
880
843
952
865
868
846
863
838
822
839
832
809
815
860
803
735
839
803
825
831
886
946
1026
881
825
749
705
770
747
775
775
785
709
732
718
696
691
730
702
696
666
708
712
684
644
650
665
680
664
659
652
701
718
701
656
675
660
668
670
667
704
646
657
675
656
630
626
635
643
655
654
628
628
674
579
591
581
599
602
576
589
546
589
596
567
568
581
565
584
604
543
539
581
550
605
589
545
556
523
589
558
543
554
556
575
554
555
571
496
500
535
528
503
514
512
478
496
547
556
518
524
502
521
488
481
485
549
506
523
517
475
482
527
442
470
511
520
498
489
514
492
484
481
499
480
483
450
474
467
491
483
502
447
475
497
468
510
475
484
475
454
458
441
493
497
463
498
490
464
457
438
449
445
439
417
436
466
444
433
463
447
467
461
433
416
432
422
426
445
442
459
468
444
425
445
442
449
428
458
445
438
426
431
443
401
443
465
446
448
427
394
453
407
441
398
370
415
400
372
414
399
386
373
379
363
408
383
397
413
390
400
373
375
399
360
381
383
346
352
377
331
344
364
363
337
367
358
382
373
328
320
356
335
349
339
341
342
317
317
346
291
337
344
315
305
354
321
318
346
347
335
330
317
366
334
331
356
293
300
357
329
328
333
335
335
341
339
346
341
336
338
350
320
361
315
331
322
349
373
353
369
396
401
404
416
400
364
434
373
368
347
322
304
317
273
252
264
258
259
212
235
227
181
242
205
195
197
181
214
169
171
157
161
147
142
138
135
127
136
138
119
123
106
108
89
103
109
100
91
96
67
76
75
82
56
62
68
62
73
67
53
65
58
55
55
52
73
52
62
54
49
57
56
68
60
54
69
71
79
69
104
280
579
1045
1118
1052
1246
1020
469
116
35
21
32
23
21
16
21
19
21
20
17
18
20
23
19
16
23
21
16
23
25
24
19
20
23
21
26
16
27
29
32
45
45
37
30
46
32
25
19
26
19
17
22
22
16
9
22
20
36
30
24
16
18
19
12
17
9
14
13
12
10
9
14
6
8
13
10
9
8
9
9
13
12
10
12
14
10
7
10
7
14
13
15
12
8
3
9
4
10
5
11
11
9
6
8
5
22
13
7
10
8
10
7
6
18
5
9
8
4
7
8
11
13
14
15
7
12
9
12
4
5
12
9
14
7
7
9
9
9
10
7
0
8
8
8
11
8
8
9
7
8
5
10
4
5
4
12
4
11
8
6
3
8
7
4
4
12
0
1
