0
0
0
0
0
0
0
0
0
1
0
0
0
1
0
1
0
0
3
9
24
1362
18499
20503
20651
21210
22231
23421
25054
27559
37804
206072
398278
75528
16675
14703
14586
14402
14147
14072
14714
15170
15451
15374
15587
15500
15948
15629
15875
15793
15602
15780
15652
15903
15802
15813
16129
15865
15201
13950
13186
12838
12680
12473
12428
12054
11727
11618
11494
11619
11445
11227
11323
12482
34053
79096
26890
10874
9954
9133
9234
8907
8920
8920
9551
8998
8975
8579
8552
8333
8202
8211
9490
11237
8366
7666
7720
7680
7553
7733
7790
7499
7832
8049
8636
8409
8017
8415
16022
116162
180954
29471
7672
6682
6487
6378
6796
11686
13504
7136
5981
5933
6074
5942
6205
6131
5709
5839
5854
5911
5804
5928
9219
17530
9687
6505
5966
5540
5626
5630
5690
5824
5785
7083
17655
17545
6747
5630
5736
5757
5605
5534
5759
5654
5598
5438
5516
5754
5614
6131
7415
6371
5814
5667
5765
6172
5935
5811
5911
5842
5627
5881
5779
5658
5790
5760
5986
5849
5750
5786
5806
5826
5823
5991
5955
6228
7738
8490
6716
6070
6011
6151
6227
6624
7693
6501
5871
5421
5435
5383
5396
5284
5627
5384
5266
5280
5195
5144
5119
5218
5183
5182
5092
5010
5242
5065
5226
5219
5363
5667
5217
5242
5038
5004
5154
5674
6030
5984
5173
6163
8241
5999
4915
4944
4895
4984
4994
4976
5510
5378
5544
6250
5976
5234
5228
5052
5110
5100
5240
5207
5122
5282
5549
6192
5809
5240
5267
5738
5271
5245
8242
32192
36879
9016
4726
4689
4641
4594
4567
4559
4485
4666
5253
5575
4599
4507
4464
4393
4454
4384
4536
4507
4547
4831
4878
4429
4475
4568
4581
4513
4583
5803
12834
12560
5855
4908
4605
4462
4310
4243
4193
4343
4317
4361
4407
4025
3849
3684
3627
3503
4076
4139
3591
3826
3566
3465
3201
3093
3026
3011
3154
2973
2918
3055
3607
11680
36869
24524
4816
2829
2742
2561
2526
2464
2692
3097
2626
2537
2561
2506
3514
3815
2362
2112
2020
2153
2153
2184
2176
2049
2000
2011
2061
2068
2087
2071
2086
2018
2055
1989
2081
2068
2086
2064
2121
2146
2397
4039
16841
28709
12792
4583
2344
2188
2112
2294
3792
16167
32511
14105
3278
3673
4358
2530
2149
2087
2075
2010
2153
2063
2080
2081
2023
2097
2161
2207
2173
2222
2582
3001
2701
2350
2178
2150
2230
2169
1951
1787
1576
1741
1565
1663
2162
3752
2963
1605
1464
1378
1465
1632
2757
2563
1360
1182
1235
1303
1528
1335
1026
1022
1058
992
886
963
1310
1339
1044
832
743
742
776
971
1478
3168
2513
853
592
564
557
511
495
463
420
447
754
1185
785
425
380
350
383
350
339
323
320
340
325
305
336
318
304
317
271
290
339
343
348
391
531
1413
9269
31646
26189
4291
521
316
293
248
263
286
441
365
225
214
234
226
234
388
947
1356
787
262
154
139
141
131
159
135
123
119
164
179
157
164
152
149
179
162
173
161
179
217
591
1942
2690
875
134
74
79
73
69
74
70
70
63
71
76
78
71
68
102
135
97
54
63
67
79
102
78
60
78
65
66
51
63
68
54
60
49
58
65
66
114
243
196
104
89
53
52
42
41
38
55
37
35
41
38
33
39
35
41
37
47
34
39
35
45
37
42
45
47
32
43
38
48
29
30
30
37
30
34
37
36
36
34
54
70
46
35
39
25
38
33
29
28
24
28
29
30
25
23
21
29
30
23
29
22
19
21
32
17
31
26
17
26
33
23
27
26
27
21
17
21
27
26
18
30
20
23
19
15
19
12
15
17
17
18
21
13
19
16
22
18
19
10
17
29
27
13
14
13
21
13
16
15
11
10
11
13
14
23
18
19
18
16
11
12
16
13
14
20
11
13
10
15
16
14
14
15
8
14
10
19
17
17
14
14
17
17
20
17
18
9
17
16
11
11
12
9
13
6
15
15
18
17
13
15
3
11
16
11
4
7
9
13
5
10
10
9
13
15
9
11
11
15
5
14
14
9
12
10
10
18
11
7
14
8
9
7
17
14
6
11
11
6
11
7
9
6
14
6
5
11
11
7
14
4
10
7
10
9
7
9
9
14
5
9
2
6
7
9
10
5
13
8
6
6
8
6
7
7
11
9
9
7
5
3
10
11
5
8
7
5
10
15
11
7
7
12
8
5
7
2
4
3
6
5
4
6
4
4
10
6
5
4
2
3
8
3
8
3
3
7
4
6
2
0
2
3
2
1
4
6
5
2
3
5
2
1
8
5
4
3
2
5
6
7
3
5
2
1
3
2
2
1
0
1
1
1
0
1
3
0
0
0
2
0
1
2
0
0
0
1
0
3
1
1
1
4
3
10
30
57
50
14
3
1
1
3
1
1
0
2
1
0
0
3
1
0
0
2
1
1
1
0
0
1
1
0
0
0
0
1
1
1
0
0
3
1
1
1
2
0
0
1
0
0
0
0
0
1
2
1
1
0
0
0
1
0
0
1
0
1
0
0
1
0
0
2
0
0
0
1
1
0
0
0
0
0
1
1
1
0
0
0
1
0
1
0
0
0
0
0
0
0
0
0
0
0
0
0
1
0
0
0
0
0
0
0
0
0
0
0
0
0
1
0
0
0
0
0
0
0
0
