0
0
0
0
0
0
0
0
0
0
0
0
0
0
0
0
0
0
0
0
0
108
1698
1996
1963
2007
2106
1985
2000
2073
2078
2138
2078
2057
2182
2205
2162
2203
2116
2192
2103
2082
2023
2077
1910
2067
1925
1919
1983
1914
1852
1801
1795
1853
1761
1931
1829
1768
1631
1673
1694
1654
1597
1639
1686
1619
1574
1579
1599
1563
1513
1471
1392
1552
1914
1519
1423
1286
1290
1238
1225
1318
1142
1189
1143
1144
1111
1113
1177
1046
1101
1068
1009
1095
1153
1030
897
933
919
947
871
883
898
823
788
928
815
828
848
859
824
818
763
1024
951
801
760
718
694
725
689
677
716
638
704
625
658
640
622
681
599
556
630
616
670
616
635
592
581
597
587
564
541
529
589
567
548
555
640
590
552
535
509
500
468
483
478
465
467
467
438
448
443
430
436
435
430
417
469
586
457
398
407
379
390
415
378
353
373
417
392
372
374
357
385
399
434
366
348
368
348
362
343
302
486
445
326
303
320
336
341
359
325
490
490
350
311
310
297
291
305
284
316
328
344
294
274
271
277
264
305
452
656
458
395
351
300
287
294
268
279
249
259
255
277
260
300
239
264
256
243
234
267
254
270
298
229
225
271
275
231
222
249
253
254
255
244
230
222
267
257
237
240
223
233
225
228
235
232
237
237
235
251
237
234
242
193
213
204
206
238
234
229
258
182
220
222
199
212
236
230
228
224
220
221
224
199
225
206
230
202
202
217
201
206
191
196
195
251
373
247
241
240
235
221
211
207
212
219
207
213
207
231
179
225
209
207
232
237
281
244
186
179
173
183
165
196
180
178
203
164
178
185
181
175
172
177
177
173
186
169
182
186
166
171
164
160
182
183
173
168
178
157
151
164
164
191
157
166
181
166
154
169
194
178
187
203
191
206
146
164
174
199
179
171
158
147
154
158
142
141
134
146
195
223
179
136
129
127
189
745
853
221
170
171
160
137
136
131
124
137
133
128
120
108
108
117
103
107
110
109
117
116
143
137
102
115
125
175
173
115
102
99
82
111
90
117
120
99
86
88
78
87
90
72
81
81
78
69
89
71
73
70
103
75
233
894
553
131
110
109
116
93
85
86
74
61
69
58
71
68
72
92
69
57
68
55
58
58
65
78
80
62
84
58
62
52
70
61
60
60
57
46
57
43
59
49
62
67
79
241
651
336
99
72
84
81
83
86
52
62
58
56
77
55
48
55
64
63
58
41
56
56
44
46
52
53
49
38
49
49
56
49
46
49
43
44
44
46
47
33
54
48
47
61
59
61
55
61
65
53
40
29
47
37
55
58
46
43
56
59
44
58
58
41
46
51
48
42
42
46
36
62
53
39
41
47
41
50
42
44
42
46
32
50
35
36
48
48
47
37
47
55
65
80
66
45
37
43
52
37
36
48
44
24
39
62
73
62
45
41
42
41
49
41
42
49
44
54
48
33
41
38
38
42
43
34
37
42
54
39
58
61
42
43
39
42
33
30
37
40
37
29
27
30
27
43
27
35
40
37
32
42
45
26
48
33
35
40
38
36
38
37
36
42
40
33
36
40
34
30
21
33
31
28
37
26
34
27
32
38
42
35
24
27
27
35
30
31
31
27
37
36
25
32
40
35
25
29
35
27
27
30
39
24
35
34
36
46
33
31
32
34
37
34
27
32
40
42
29
36
29
33
39
33
43
38
38
37
38
40
39
45
46
35
31
31
24
22
30
35
28
31
31
19
28
27
31
39
26
31
24
36
26
37
33
33
33
45
42
42
48
35
28
43
75
136
154
167
101
39
20
23
19
32
26
24
19
23
29
29
15
34
26
28
22
19
23
34
19
27
19
18
24
25
20
18
22
25
19
20
23
25
24
18
25
28
36
29
27
34
28
28
21
16
26
20
22
23
18
26
23
24
18
14
16
10
14
13
22
24
22
19
25
17
22
20
14
27
14
15
11
17
19
15
17
21
10
23
17
13
13
9
14
11
13
10
11
17
17
11
17
17
19
15
16
19
20
19
22
58
95
156
161
118
45
17
14
7
4
7
3
9
7
9
6
2
4
10
4
10
9
9
6
7
4
8
6
7
7
12
10
8
64
87
46
16
11
9
8
12
6
10
11
15
9
5
16
12
13
13
7
18
11
5
7
7
5
3
9
4
10
9
4
8
7
5
12
11
7
7
7
5
7
11
13
12
15
15
17
14
5
13
13
32
63
113
148
135
88
38
4
3
4
1
5
2
5
2
2
1
2
2
3
4
2
1
5
6
2
1
2
4
2
1
5
4
2
2
6
7
1
6
2
4
5
4
1
0
3
3
1
2
1
4
4
6
3
3
0
2
4
3
3
3
1
5
2
1
1
1
2
0
0
