0
0
0
0
0
0
0
0
0
0
0
0
0
0
0
0
0
0
0
0
0
0
0
0
0
0
1
1
0
0
0
0
0
0
0
0
0
0
0
0
0
0
0
0
0
0
0
0
0
0
0
1
0
0
0
1
0
0
0
1
0
0
0
1
0
1
1
0
2
1
0
0
0
1
0
2
0
1
0
0
0
3
0
0
0
0
1
3
4
2
0
0
0
0
1
2
1
0
2
2
1
0
1
1
3
0
0
2
1
0
2
2
2
1
0
2
0
0
0
2
1
0
1
1
1
0
6
1
1
1
1
1
0
1
0
1
1
2
2
0
1
0
0
2
0
3
0
0
0
0
1
3
2
2
0
0
2
1
0
1
3
1
0
1
2
1
1
0
0
2
2
3
1
0
3
3
1
2
4
4
1
1
3
5
0
2
3
3
3
8
5
5
1
2
2
3
7
5
5
3
3
5
3
5
9
3
7
2
8
5
6
5
4
11
4
9
3
3
4
8
5
5
6
4
5
7
6
4
5
5
6
6
12
6
7
7
9
5
10
8
8
7
6
6
3
7
8
8
11
5
7
5
9
11
9
7
7
3
5
5
4
4
4
5
8
3
3
4
3
3
4
3
2
3
3
3
2
4
4
5
5
3
6
5
2
2
2
4
2
3
3
6
1
2
6
2
3
3
4
2
2
6
6
3
6
4
3
2
0
3
1
1
4
3
0
0
4
5
1
5
1
1
3
3
2
2
2
5
6
1
0
5
4
6
3
4
5
1
2
2
4
3
5
1
5
2
1
2
2
10
3
5
2
4
4
4
5
7
3
5
3
5
5
3
5
3
2
1
2
2
8
8
3
1
5
2
5
4
4
4
1
5
0
3
5
2
11
2
1
3
3
5
6
6
2
3
4
10
6
11
8
5
6
4
5
5
4
7
4
6
9
11
8
5
13
6
7
2
9
9
13
8
10
8
10
8
12
10
6
13
10
17
19
26
24
24
28
22
24
42
25
31
28
23
32
29
31
30
38
40
40
38
62
46
54
44
66
46
60
62
77
60
100
69
85
99
102
104
96
97
112
113
115
119
114
115
121
118
135
137
136
132
144
147
152
151
153
132
146
167
159
167
174
190
130
182
184
189
182
170
163
191
175
181
185
197
194
198
199
212
194
195
175
202
206
222
237
173
179
182
203
183
192
201
215
167
182
169
181
179
169
158
173
183
190
162
178
143
143
158
159
128
138
148
168
126
120
119
119
120
115
117
135
112
116
121
107
111
93
101
88
96
80
71
94
78
68
70
75
91
81
80
71
63
68
66
66
51
65
61
45
52
52
40
55
45
40
34
32
37
46
45
27
24
28
27
31
30
22
32
25
20
19
31
18
24
17
21
30
19
10
11
17
21
11
10
27
11
13
18
6
11
9
12
8
11
9
4
12
9
8
15
5
6
9
9
4
7
7
8
3
1
1
3
3
2
2
6
0
5
1
0
3
1
2
1
4
2
2
1
2
2
3
2
0
0
0
0
2
1
1
1
1
1
1
1
3
3
2
0
2
1
1
0
2
1
1
2
0
1
0
1
1
0
2
0
0
2
1
1
1
0
2
0
1
2
1
1
0
2
0
1
1
0
0
0
0
0
1
0
0
0
0
0
0
0
1
2
0
2
0
0
0
0
1
1
0
1
0
1
0
1
0
2
1
0
2
0
1
4
1
0
1
2
4
2
1
1
1
1
0
2
1
3
2
0
1
2
1
0
1
1
0
1
1
1
1
4
1
1
2
2
3
0
3
0
3
0
1
1
2
0
1
0
0
3
1
1
2
1
0
2
1
0
2
2
2
2
1
1
0
2
1
1
2
2
2
1
1
2
0
0
2
1
0
1
0
0
1
0
6
1
1
3
3
1
0
2
3
1
1
1
2
1
2
1
1
1
1
1
2
2
2
0
1
2
4
2
2
1
3
2
2
0
1
1
0
0
2
0
1
0
2
0
0
3
1
1
0
0
5
1
2
3
1
0
0
1
2
2
1
1
0
2
1
2
2
2
4
1
3
1
0
1
0
1
0
0
0
2
0
2
0
2
1
0
1
1
0
3
0
0
1
0
1
2
2
0
0
0
0
0
1
1
0
1
1
1
1
2
1
1
1
0
0
0
2
1
2
2
1
1
1
1
1
0
2
1
1
0
0
1
1
0
2
3
0
2
1
2
2
1
5
1
0
0
0
0
1
2
1
2
2
1
0
1
4
1
1
1
0
1
0
1
1
2
0
1
1
2
1
2
1
0
1
3
1
0
0
0
0
2
1
1
1
2
2
1
0
5
0
2
0
0
