0
0
0
0
0
0
0
0
0
0
0
0
0
0
0
0
0
0
0
0
0
0
0
0
0
0
0
0
0
0
0
0
0
0
0
0
0
1
0
0
0
0
0
0
0
0
0
0
0
0
1
0
0
0
0
0
0
0
0
0
1
0
0
0
0
1
1
1
1
1
0
0
1
0
2
0
0
0
0
0
1
1
0
1
1
0
1
2
0
0
0
0
0
1
0
0
2
1
0
3
0
0
0
0
0
1
1
1
0
0
2
0
0
0
0
2
0
1
1
1
0
0
0
0
0
0
0
1
0
0
0
0
0
0
0
0
0
1
0
1
0
1
0
2
1
1
1
1
1
1
1
0
0
0
1
1
1
0
0
0
0
1
1
0
1
0
0
1
4
0
0
0
2
2
2
0
2
2
0
1
2
1
3
2
0
1
0
0
1
2
0
0
0
2
1
0
2
1
3
1
3
0
3
1
2
0
3
1
2
0
1
1
2
0
4
3
3
1
2
1
3
2
3
2
3
1
2
0
2
2
2
5
3
0
1
0
5
3
5
2
1
4
1
2
2
2
1
6
3
2
1
2
2
4
2
1
3
3
2
0
1
0
2
5
4
3
1
1
2
1
1
4
2
1
3
1
2
1
3
7
4
1
0
0
2
3
1
5
0
2
2
2
2
1
1
4
0
2
1
1
1
3
1
1
2
2
0
1
1
0
1
1
3
0
3
2
0
1
1
3
1
1
1
2
2
0
1
0
1
0
1
1
1
1
2
1
2
6
1
3
3
0
1
0
1
0
1
2
2
0
0
0
2
3
3
1
3
2
2
0
1
3
2
1
1
1
1
0
3
1
1
5
1
2
3
2
1
2
1
2
2
2
0
1
1
1
0
2
1
4
0
0
1
0
0
1
3
4
2
0
4
4
5
3
3
3
3
1
1
0
3
2
3
4
1
1
3
4
2
4
5
1
3
3
2
3
3
4
0
1
2
3
4
3
7
4
5
6
11
8
3
6
4
4
4
7
10
13
12
7
10
7
12
10
17
10
11
10
9
11
20
14
17
22
19
17
25
19
24
27
23
24
30
26
34
25
19
23
30
36
28
34
36
34
41
41
35
43
37
38
43
51
29
52
43
55
50
42
44
42
52
61
43
61
49
57
50
62
49
51
62
43
66
43
56
48
56
48
64
53
63
65
57
54
66
56
70
47
50
53
48
54
60
57
46
62
47
48
62
53
53
52
46
50
47
32
47
38
41
52
50
36
49
40
55
46
37
40
34
41
36
38
26
40
44
25
38
36
20
34
35
37
24
19
19
20
29
29
27
34
21
22
16
20
18
15
19
18
18
20
19
23
13
10
11
14
19
15
9
7
12
13
13
14
11
11
14
7
9
8
11
9
6
7
6
7
8
7
4
7
8
6
6
5
8
3
2
3
2
5
7
4
3
4
1
2
4
2
1
4
3
4
4
0
3
2
1
5
2
1
3
4
1
1
2
1
2
0
1
1
0
1
0
2
2
1
1
1
4
0
1
0
0
0
2
1
0
0
0
2
0
0
2
0
0
2
1
0
0
0
0
1
1
1
1
0
0
0
1
0
0
0
0
0
0
0
0
1
0
1
0
0
0
0
0
1
0
0
0
0
0
1
0
0
0
0
0
2
0
0
0
0
0
0
1
1
0
1
1
0
1
0
1
1
1
0
0
1
1
0
0
0
0
0
1
0
0
1
0
0
0
0
0
0
0
0
1
1
5
0
2
1
0
2
0
1
1
0
0
5
0
0
1
3
4
1
0
2
1
0
1
0
1
0
0
1
3
0
0
0
0
1
1
0
1
1
1
1
0
2
0
2
1
0
0
0
2
1
2
0
0
0
0
1
1
0
1
0
1
1
0
0
3
0
0
0
1
0
0
1
1
1
3
2
1
0
1
2
2
2
0
0
0
0
0
1
4
1
0
0
0
0
3
0
1
1
0
0
3
2
0
1
0
0
3
0
1
0
0
0
1
2
0
2
2
0
2
1
2
3
3
1
1
1
1
0
2
1
0
0
1
0
1
3
1
0
0
0
1
0
1
0
0
1
0
2
0
1
0
2
3
0
1
0
1
0
1
2
2
0
0
1
0
1
0
2
1
0
0
0
0
1
2
1
2
0
0
0
0
0
2
2
1
3
1
1
2
0
0
1
0
1
0
0
0
1
2
0
2
1
0
0
1
1
0
2
0
1
0
0
1
0
1
0
1
0
1
0
0
0
1
1
1
0
1
0
1
0
0
0
1
0
1
1
2
3
1
1
2
1
1
0
0
1
0
1
1
0
0
1
3
0
0
0
