0
0
0
0
0
0
0
0
0
0
0
0
0
0
0
0
0
0
0
0
0
0
0
0
0
0
0
0
0
0
0
0
0
0
0
0
0
0
0
0
0
0
0
0
0
0
0
0
0
0
0
0
0
0
0
0
0
0
0
1
0
0
0
0
0
0
1
0
0
0
0
0
0
0
0
1
2
2
0
0
0
0
0
0
1
0
0
0
1
0
0
0
0
2
0
0
0
0
0
1
1
0
1
1
0
0
1
0
0
0
0
1
0
0
0
1
2
0
1
2
2
0
2
0
0
2
0
1
0
2
0
0
2
0
0
1
2
1
0
0
0
1
1
0
1
0
0
2
0
0
1
1
0
0
1
0
0
1
0
2
0
2
1
1
0
0
1
0
0
0
1
0
0
1
2
1
0
1
1
1
1
1
1
1
2
0
4
0
2
1
0
0
0
3
3
1
1
0
1
0
3
3
0
2
1
1
2
0
2
1
2
0
3
1
1
1
1
5
2
2
2
1
2
1
1
4
1
3
0
4
3
2
2
1
2
3
1
1
3
1
3
3
1
2
2
4
2
0
2
1
1
5
2
3
0
2
0
0
1
1
0
4
1
0
2
1
1
2
3
2
3
2
3
2
2
3
2
1
2
0
1
3
1
2
1
1
1
0
1
1
1
1
1
0
0
0
1
3
1
0
1
2
1
1
1
0
1
0
1
0
0
0
1
0
1
2
1
1
1
3
0
0
0
1
0
1
0
2
1
3
4
0
2
0
2
0
2
0
0
1
2
2
2
0
2
3
4
2
1
0
1
1
1
1
0
1
0
2
0
0
0
1
1
0
2
0
1
1
0
2
1
0
2
2
1
1
1
0
0
5
1
3
3
1
2
2
2
1
3
0
0
2
2
0
2
1
0
1
2
0
3
1
0
2
2
0
5
3
3
3
6
5
3
1
0
0
1
0
3
1
3
1
2
1
5
4
0
5
5
2
3
3
3
4
7
3
1
4
4
5
6
4
5
7
6
11
8
4
5
8
10
8
8
5
12
7
10
13
8
14
17
17
12
9
13
10
17
15
17
13
15
31
20
18
13
22
25
25
21
31
19
22
30
25
30
26
24
28
36
35
30
50
25
25
38
36
27
41
51
38
35
35
46
45
39
53
36
35
40
50
43
49
47
52
43
39
54
45
57
42
46
43
61
50
46
44
48
54
48
53
58
49
37
50
46
43
45
35
32
38
37
41
45
40
47
42
41
37
43
34
47
32
36
36
44
44
28
28
33
35
40
41
24
24
25
27
24
32
31
22
29
22
26
22
19
26
18
27
13
17
17
18
19
21
18
13
13
12
16
16
17
17
14
11
18
9
11
14
9
11
15
10
9
5
12
12
8
7
11
9
7
7
10
10
9
8
6
5
10
5
4
4
4
9
5
5
3
1
3
2
2
6
2
4
7
6
4
2
2
1
3
4
3
3
1
1
0
4
2
3
4
3
0
1
6
4
1
2
0
0
1
1
2
1
1
1
3
1
1
0
1
0
1
2
0
2
0
0
2
0
1
0
1
0
0
0
0
0
1
0
1
1
0
2
1
0
0
0
0
0
0
0
0
1
0
1
0
0
0
2
0
0
0
1
0
1
1
1
0
2
1
0
0
0
1
1
0
2
2
1
0
0
1
1
1
0
0
0
0
0
0
0
0
0
0
0
0
0
0
0
1
0
1
1
2
1
0
0
0
1
0
1
0
0
0
1
0
1
0
0
1
0
0
0
0
2
0
1
0
0
0
1
1
0
1
1
0
1
0
0
1
0
0
1
0
1
2
2
0
2
1
0
1
2
0
0
1
2
0
0
0
0
0
2
0
0
1
2
0
0
1
1
1
1
3
0
2
0
0
1
0
1
0
0
0
0
0
2
1
1
1
4
2
1
0
2
0
3
0
2
2
0
1
0
1
1
0
3
0
4
2
1
0
0
1
0
3
0
2
4
1
1
0
0
1
2
1
1
0
1
3
1
2
0
3
0
0
0
2
0
1
1
0
2
0
0
2
1
0
0
1
0
1
1
2
0
0
1
1
2
3
0
1
1
3
1
0
1
1
0
2
2
2
1
0
1
1
1
0
1
2
1
0
1
0
2
1
0
2
1
1
1
0
0
1
1
0
0
1
1
0
0
0
0
0
0
1
0
1
1
0
0
1
2
1
0
3
3
0
2
0
1
0
0
1
0
0
2
1
4
2
2
0
3
0
0
1
1
2
1
0
1
2
2
2
0
3
0
0
0
0
0
0
1
1
2
1
1
0
0
0
2
0
1
1
2
0
0
1
1
0
2
0
0
