0
0
0
0
0
0
0
0
0
0
0
0
0
0
0
0
0
0
0
0
0
0
0
0
0
0
0
0
1
0
0
0
0
0
0
0
0
0
0
0
0
0
0
0
0
0
0
0
1
0
0
0
0
0
0
0
0
0
0
0
0
1
0
0
0
0
2
0
1
0
1
1
0
0
1
1
1
1
2
0
1
1
0
0
1
1
0
0
0
0
0
0
1
1
1
0
1
1
0
1
0
0
1
2
1
1
2
0
1
4
1
2
0
0
0
1
1
0
0
1
0
1
1
0
0
1
1
0
0
1
1
3
1
2
0
1
0
0
0
1
1
1
0
1
1
0
1
0
1
1
1
2
0
3
1
0
2
1
1
1
0
0
0
0
1
1
2
0
2
3
1
4
3
0
2
3
1
0
1
2
0
0
2
1
4
4
0
1
0
4
1
2
0
5
2
5
2
3
3
4
4
3
0
3
2
2
2
2
1
4
4
6
2
3
6
2
3
3
3
5
4
2
4
4
5
6
2
2
5
5
2
8
5
4
3
7
3
5
3
5
1
5
7
4
8
2
4
2
3
4
5
2
2
2
3
3
2
5
6
0
3
3
1
6
0
2
1
3
8
1
4
4
3
2
1
1
3
1
3
3
2
0
2
1
7
3
2
5
3
2
4
2
3
4
1
2
6
1
0
0
4
0
3
2
0
1
1
0
2
1
3
1
1
3
0
3
1
1
4
0
2
0
2
0
2
0
2
4
2
2
2
2
2
3
0
0
1
1
0
3
2
3
1
3
3
0
1
2
2
0
2
2
2
6
2
2
1
3
2
3
5
2
3
0
3
3
1
7
1
1
2
3
1
4
4
2
4
2
2
2
0
2
5
2
3
3
5
1
0
4
3
4
2
2
3
6
2
4
5
5
1
3
3
4
6
2
5
4
7
4
4
7
2
2
2
2
3
6
10
6
8
5
4
6
1
4
7
8
5
7
8
7
10
11
7
5
7
14
6
9
14
10
14
13
16
18
19
25
20
17
20
20
30
27
24
26
26
31
31
30
34
40
38
54
45
48
55
41
40
46
50
54
67
56
65
63
68
70
66
64
86
82
73
79
93
82
90
85
88
93
100
113
98
95
114
111
80
130
118
114
108
127
103
126
116
116
107
134
120
149
106
135
119
122
112
121
136
113
118
112
107
130
125
134
113
102
126
98
107
101
96
122
122
108
90
96
103
90
108
108
111
90
101
89
124
81
101
85
103
85
73
80
67
85
70
74
63
69
72
61
59
68
58
56
64
65
54
51
50
57
52
48
44
46
57
42
47
32
26
52
37
35
33
33
46
40
24
36
20
29
31
34
33
29
27
29
28
16
19
19
16
18
21
16
22
16
11
17
16
15
14
8
17
14
11
11
6
9
10
11
11
7
13
7
4
7
3
5
8
3
2
3
4
2
4
7
2
5
5
4
6
1
9
5
1
0
4
7
4
4
1
3
3
1
4
1
0
0
2
1
2
4
3
2
1
1
1
1
1
1
0
1
2
0
2
4
3
1
0
2
0
0
4
1
1
0
0
0
0
0
1
1
0
1
2
1
0
0
0
0
0
1
0
0
0
3
1
2
1
2
0
0
0
0
0
0
0
0
0
2
0
0
1
2
0
1
0
0
1
0
0
2
0
0
1
0
1
1
1
0
1
0
0
0
1
1
1
0
2
1
3
1
3
1
1
0
0
0
0
2
1
2
1
1
2
2
1
0
1
2
1
1
3
0
2
2
1
0
0
0
0
1
0
1
1
2
1
1
0
2
1
1
1
0
1
0
2
3
1
0
2
2
0
1
0
1
0
0
0
3
1
2
2
2
0
0
0
0
0
1
3
2
2
3
1
3
2
0
0
2
1
2
1
0
2
1
2
1
1
0
1
1
1
1
1
2
1
0
0
2
0
4
0
3
1
0
0
3
1
3
1
2
2
1
1
1
2
0
1
1
3
0
1
0
1
2
1
1
1
1
0
0
0
1
2
0
1
0
0
1
4
1
0
5
0
1
0
0
2
1
2
0
0
2
1
0
0
0
0
2
1
0
1
1
1
2
0
1
1
0
0
1
0
1
0
2
2
6
0
0
1
0
2
0
0
1
0
0
0
1
2
0
0
1
1
1
2
0
1
1
0
1
1
2
0
0
1
3
1
0
1
0
1
1
0
1
1
0
0
2
1
0
0
0
0
2
0
1
1
0
0
1
0
1
2
0
2
1
2
0
0
2
0
1
0
2
1
0
1
0
0
1
0
0
1
1
0
0
1
3
0
0
0
1
1
1
2
1
0
2
2
4
0
0
