0
0
0
0
0
0
0
0
0
0
0
0
0
0
0
0
0
0
0
0
0
0
0
0
0
0
0
0
0
0
0
0
0
0
0
0
0
0
0
0
0
0
0
0
0
0
0
0
0
0
0
0
0
0
0
0
1
0
0
0
0
1
1
0
0
0
1
0
0
0
0
0
0
1
0
2
0
0
0
1
0
1
2
1
0
0
0
0
1
0
0
0
0
2
3
0
0
1
0
0
0
1
0
1
0
2
1
2
0
1
1
1
1
0
0
1
0
0
1
0
0
1
1
0
0
0
2
2
1
1
0
0
1
0
1
1
1
1
1
1
0
1
3
0
0
1
2
1
3
2
1
2
1
1
1
0
0
0
1
0
2
0
1
1
0
0
1
0
0
2
1
1
1
0
0
1
2
0
2
0
0
0
2
1
1
3
1
0
2
0
1
0
0
1
2
1
3
2
2
1
1
0
2
1
0
3
0
3
3
4
4
5
3
1
4
3
4
3
2
3
2
4
5
5
4
4
2
1
3
6
2
5
4
4
2
3
7
2
1
6
3
4
5
2
1
8
3
4
3
3
7
5
4
4
2
5
0
2
2
4
2
1
7
3
1
6
3
6
2
6
1
3
2
1
6
4
1
3
2
2
2
3
3
2
1
1
2
1
1
6
4
1
4
2
3
0
2
2
0
0
0
5
1
3
1
1
4
2
0
2
5
1
1
1
2
1
3
0
4
3
0
2
1
2
2
0
1
1
0
0
4
1
1
1
1
1
2
2
1
2
0
2
2
1
1
0
4
4
2
2
1
1
2
1
4
1
2
1
1
1
2
1
2
2
2
1
2
3
2
1
2
2
2
2
0
2
3
2
3
0
3
4
2
4
2
5
3
3
3
3
3
1
4
2
1
3
1
1
4
3
2
5
6
2
5
3
2
1
3
5
4
5
7
4
4
6
2
3
5
3
3
6
3
3
6
7
7
3
7
6
8
7
5
7
17
5
11
8
10
14
5
14
10
12
12
10
19
10
20
14
15
20
24
17
17
27
25
29
25
23
20
34
40
34
37
30
36
39
29
55
40
38
36
55
45
52
40
59
64
71
58
68
59
74
56
59
66
86
69
67
79
81
72
71
79
84
81
99
98
110
104
102
94
87
109
88
102
91
86
94
102
95
87
93
93
77
80
78
95
107
81
99
109
81
84
86
92
112
94
81
86
97
82
84
91
83
81
77
87
87
98
93
77
72
71
65
75
68
77
63
65
61
67
74
53
58
69
64
58
56
51
53
54
50
57
44
45
50
47
40
51
40
42
36
23
37
44
34
36
28
41
34
25
35
28
29
29
27
24
25
21
19
18
22
24
20
20
27
23
20
16
20
21
13
11
25
12
6
9
8
21
14
14
7
10
15
9
6
9
12
8
7
9
8
9
5
5
4
7
7
11
7
4
11
3
3
6
8
4
1
3
4
3
4
3
3
4
0
3
2
2
4
1
4
0
2
2
1
0
2
2
0
3
2
3
3
1
1
1
1
1
3
1
1
3
1
3
4
0
1
1
1
0
1
0
1
0
0
0
0
0
0
0
0
0
2
0
0
0
1
0
2
1
1
2
0
0
1
0
0
0
2
1
0
2
0
1
0
0
0
1
0
1
0
2
1
0
0
2
0
1
0
0
0
0
0
1
0
2
0
0
1
0
2
0
1
0
0
0
0
2
0
0
2
2
1
0
1
0
1
1
1
0
2
2
1
0
0
1
0
1
1
2
0
1
0
1
1
0
1
0
0
2
0
3
0
1
0
1
2
2
3
2
2
1
1
0
1
0
0
1
2
1
1
1
0
0
1
0
0
1
0
1
1
0
1
0
3
2
1
0
1
1
1
2
2
1
0
0
1
1
1
0
1
0
3
1
0
0
3
0
2
2
3
0
0
1
0
1
0
0
2
0
0
0
0
1
3
1
4
0
1
0
2
2
0
1
0
0
1
2
0
1
0
1
1
1
0
2
0
0
0
3
1
0
1
0
0
0
2
2
0
0
3
1
0
1
2
2
1
2
0
1
2
3
2
0
0
0
1
2
0
1
1
0
0
1
1
1
3
2
0
2
1
2
1
1
2
1
2
2
1
1
0
2
0
1
2
4
1
1
0
1
1
1
0
0
1
1
1
0
3
1
1
1
1
0
2
0
1
2
0
2
0
0
0
0
2
1
1
1
0
1
0
1
1
0
1
0
3
1
0
0
0
0
0
2
0
1
1
1
0
1
0
0
1
0
2
1
1
3
2
0
0
1
3
1
1
0
0
0
0
2
1
0
0
1
0
1
0
1
1
0
0
