0
0
0
0
0
0
0
0
0
0
0
0
0
0
0
0
0
0
0
0
0
0
0
0
0
0
0
0
0
0
0
0
0
0
0
0
1
0
0
0
0
0
0
0
0
0
0
0
0
0
0
0
0
1
0
0
0
0
0
0
0
0
0
0
0
0
0
0
0
1
1
0
0
1
0
0
0
0
1
0
2
0
0
0
0
0
1
0
0
0
1
1
1
1
0
0
0
1
0
0
1
0
0
0
0
2
1
1
1
0
0
1
1
1
2
0
0
1
0
0
1
1
0
1
0
1
0
2
3
1
0
0
3
3
1
0
1
2
0
1
1
1
1
1
0
0
2
1
1
1
1
3
0
1
0
0
2
0
1
0
1
2
1
0
2
0
1
1
0
0
2
1
2
2
1
1
2
0
1
1
0
1
1
2
1
3
0
1
1
2
1
1
0
0
0
2
1
0
0
2
1
1
3
0
2
3
2
2
4
2
1
1
5
2
1
1
3
2
1
6
2
2
5
2
3
2
1
3
0
3
4
0
2
4
4
0
2
2
2
4
3
8
4
2
3
1
3
2
2
7
3
4
3
3
2
3
1
2
0
4
4
0
1
2
1
1
0
3
3
0
2
0
2
3
2
2
3
2
0
4
0
3
4
3
0
1
5
2
2
2
2
1
1
1
4
3
2
2
0
1
0
2
3
1
2
1
0
0
0
2
2
1
1
0
1
0
0
3
0
2
1
1
2
1
2
0
0
2
1
2
1
2
0
1
2
1
2
2
1
3
0
4
2
1
1
0
3
1
1
3
0
1
2
2
1
3
2
1
2
3
0
2
2
0
5
2
1
2
4
3
4
1
1
5
2
0
1
2
3
3
1
3
0
0
2
1
3
2
1
1
3
3
2
2
2
1
3
2
1
0
2
3
1
5
3
4
2
0
0
3
4
1
1
0
1
1
4
0
2
2
5
4
6
2
6
8
2
2
5
4
8
2
7
11
5
8
7
6
9
9
6
6
8
13
9
9
6
7
13
13
23
17
16
11
17
25
16
24
20
17
23
30
28
22
21
20
37
19
23
31
28
34
38
38
25
42
39
40
54
35
35
46
58
46
45
51
47
53
50
44
83
50
57
58
53
58
62
68
67
58
77
64
74
64
71
81
71
68
76
80
86
91
81
72
82
54
66
68
81
70
79
92
71
84
71
89
76
67
74
82
87
76
68
78
77
73
56
65
58
61
75
53
65
65
48
56
57
67
66
51
53
67
62
58
53
46
48
53
60
45
38
43
49
36
41
69
41
50
42
43
35
34
33
39
29
42
33
31
30
31
16
29
20
21
23
33
20
19
17
20
20
12
18
20
20
19
15
14
18
10
11
17
14
10
10
10
10
11
15
13
9
12
13
8
11
6
4
5
9
6
10
6
8
3
6
10
6
4
7
6
5
5
4
7
5
1
3
5
4
2
5
4
1
5
3
4
1
1
2
1
4
1
1
1
2
3
4
0
0
1
1
1
1
0
3
1
1
1
0
2
5
0
0
1
2
3
2
0
1
0
0
0
1
1
0
1
1
2
1
0
0
2
2
0
0
1
0
0
1
0
0
1
1
0
0
1
0
0
1
1
0
0
1
0
1
0
0
2
1
1
1
1
0
1
0
0
1
0
0
0
0
0
1
0
1
0
0
1
1
1
0
0
3
1
1
1
0
0
1
1
0
1
0
1
3
0
0
2
0
0
2
0
1
1
0
1
0
0
0
0
2
2
0
3
2
1
1
0
1
0
0
1
1
0
2
0
0
0
0
0
1
1
1
0
0
2
1
0
1
1
1
0
0
0
2
1
2
1
1
1
1
0
0
0
4
0
2
2
0
0
1
1
1
1
0
0
0
1
1
0
0
1
0
2
1
1
1
0
1
0
2
4
2
0
0
0
3
1
1
2
1
0
1
1
3
1
1
2
1
0
0
2
1
1
1
0
1
2
0
0
2
0
3
0
0
1
3
1
2
1
1
3
0
1
2
3
0
0
0
0
0
0
1
0
0
1
0
1
3
1
0
4
0
2
0
1
0
1
0
2
1
0
0
3
1
0
0
1
1
0
2
1
0
1
2
0
0
1
1
1
1
0
0
2
0
0
0
1
1
0
1
1
2
0
0
3
3
1
0
0
0
2
1
1
0
1
1
0
1
1
1
1
0
2
0
1
1
0
3
0
0
1
0
1
2
1
0
1
0
0
0
2
2
0
2
2
2
0
1
1
0
0
1
1
2
0
3
3
0
2
2
3
1
0
0
3
1
2
0
0
1
0
1
0
0
2
1
0
0
2
3
0
0
0
