0
0
0
0
0
0
0
0
0
0
0
0
0
0
0
0
0
0
0
0
0
0
0
0
0
0
0
0
0
0
0
0
0
0
0
0
1
0
0
0
0
0
0
0
0
0
0
0
1
1
0
0
0
1
1
1
0
0
1
2
1
3
1
1
3
3
3
4
2
1
0
0
1
1
2
2
7
4
2
1
6
5
7
4
0
4
6
4
1
0
5
3
2
5
4
3
4
4
2
3
2
4
0
4
4
2
3
2
3
0
1
4
0
6
3
6
3
3
2
4
2
0
1
4
4
2
0
2
4
1
2
3
1
1
1
3
3
3
1
1
1
5
0
2
7
1
1
0
0
0
2
2
1
1
3
0
2
2
2
3
1
3
5
2
0
1
1
2
4
1
3
2
2
1
1
3
1
2
3
0
2
0
3
1
1
1
3
1
1
1
4
0
2
3
3
1
3
2
0
2
0
1
1
2
1
1
1
4
3
3
1
4
5
2
5
1
1
1
4
1
4
0
1
2
3
5
3
3
4
0
3
4
4
3
4
5
2
1
0
0
3
1
2
1
2
1
2
2
1
2
1
2
2
6
2
0
1
0
1
1
1
1
2
1
1
0
5
4
1
1
2
2
2
2
4
3
2
3
3
1
5
1
0
2
4
4
0
6
1
1
2
2
1
1
2
2
4
2
3
1
4
9
2
6
6
3
10
4
5
3
10
5
5
4
6
8
5
10
9
3
6
7
16
10
7
10
14
18
13
16
15
22
16
16
30
24
29
30
31
27
33
35
26
34
41
36
50
54
41
42
49
54
49
56
51
46
58
47
56
63
51
64
63
76
80
78
67
82
76
79
57
68
81
73
81
82
68
94
95
70
54
84
76
65
59
83
70
83
73
78
73
60
76
64
65
83
68
68
56
58
60
73
68
54
69
78
59
50
59
56
60
49
48
59
44
28
42
39
55
44
41
35
41
37
29
46
34
23
26
33
34
35
34
32
30
18
19
26
22
23
18
24
18
17
20
19
20
25
14
15
17
18
18
14
11
9
21
19
19
13
15
18
13
17
21
13
11
19
24
15
17
18
20
15
11
12
17
15
20
14
24
19
25
16
22
18
25
20
23
12
25
18
18
23
23
29
18
21
34
18
24
17
24
20
24
46
31
34
27
20
29
20
24
24
34
36
28
30
24
27
30
22
26
24
25
25
25
23
19
26
22
34
26
20
22
26
17
19
22
23
14
28
17
24
24
18
30
31
23
19
21
20
18
17
21
20
14
21
17
13
14
17
17
20
17
15
17
15
16
12
13
9
17
14
14
14
10
8
7
12
7
11
9
8
11
10
6
13
12
9
6
12
6
6
8
9
10
6
6
1
5
7
11
5
3
6
4
6
7
7
2
5
5
6
6
5
2
3
5
5
2
1
5
3
4
5
1
0
3
2
5
8
1
4
2
4
1
0
3
2
2
0
2
6
4
4
2
0
1
0
3
4
2
0
0
1
1
0
4
0
3
1
0
0
0
3
1
1
3
1
1
2
1
2
2
2
3
2
1
1
1
4
0
1
1
1
1
3
2
3
0
1
2
5
1
1
2
1
2
0
3
2
4
4
3
2
2
0
2
1
3
2
6
3
0
3
4
4
0
3
4
2
2
2
5
2
2
6
0
4
2
2
0
4
4
3
1
0
3
3
2
1
3
4
3
2
0
5
4
2
2
2
2
1
3
3
3
4
7
3
2
2
2
5
9
4
4
5
5
1
3
4
6
2
2
0
4
4
5
2
9
2
8
3
5
2
5
3
4
6
4
5
8
1
6
2
2
6
1
4
2
7
3
3
5
8
6
3
4
4
5
6
2
2
5
3
3
7
5
4
4
2
4
3
7
9
5
3
9
3
6
3
11
4
3
6
5
5
6
7
4
3
4
1
2
6
7
2
2
9
2
1
3
2
5
6
3
5
1
6
3
4
7
7
8
3
2
6
3
2
5
4
4
4
5
3
5
5
3
2
2
4
5
4
1
5
5
6
4
3
3
3
2
4
3
5
2
7
2
7
3
3
2
7
4
2
3
1
5
6
4
3
1
4
1
3
5
6
2
1
2
1
7
2
3
3
4
2
7
3
2
2
1
2
5
3
4
3
3
2
4
0
1
4
2
4
2
7
4
4
10
1
0
7
5
3
4
4
2
2
5
2
1
2
2
2
3
1
5
3
5
7
1
4
4
4
3
5
6
4
5
6
4
6
3
6
1
2
1
7
2
3
7
9
4
4
5
3
3
4
4
6
3
5
3
3
6
6
2
1
4
6
2
3
4
3
1
2
4
2
5
1
0
0
