0
0
0
0
0
0
0
0
0
0
0
0
0
0
0
0
0
0
0
0
0
0
0
0
1
0
0
0
0
1
0
0
0
0
0
0
1
0
0
1
0
0
0
0
0
0
0
0
0
0
0
0
0
0
0
0
0
1
0
0
0
0
0
1
1
3
1
0
0
2
0
0
1
1
1
0
1
0
0
1
0
2
0
1
2
2
2
1
0
0
1
1
0
0
2
2
1
1
1
1
0
0
0
0
0
1
0
1
2
0
0
1
0
0
2
0
1
0
0
1
2
3
1
0
0
2
2
1
2
2
1
0
1
2
1
1
2
0
0
4
0
1
0
1
2
2
0
0
1
2
0
0
2
1
0
1
2
0
1
3
1
0
0
2
1
5
5
2
0
1
0
4
1
1
3
1
0
3
2
1
4
3
3
2
2
2
2
4
2
4
3
3
8
6
2
4
3
3
3
6
2
4
7
3
0
7
4
3
6
6
9
3
4
5
6
6
5
5
5
8
8
6
5
7
7
5
4
6
9
9
3
7
6
4
5
5
2
6
9
9
8
2
8
6
5
8
6
4
7
8
12
5
7
4
5
8
5
5
2
6
4
4
4
7
4
2
1
4
3
8
4
2
3
6
3
3
4
3
4
3
4
4
0
4
3
4
6
1
0
1
3
3
4
5
2
4
3
4
2
0
1
2
2
4
3
2
2
1
3
1
4
2
3
5
4
1
2
4
2
1
2
4
3
4
0
2
3
5
2
2
3
5
1
1
3
1
2
2
1
2
3
1
4
5
2
6
4
2
7
3
5
2
3
3
0
5
6
6
1
5
0
6
4
4
4
1
3
5
6
6
2
4
1
2
5
2
3
2
4
5
5
4
3
4
4
3
2
4
3
2
3
3
5
4
7
6
13
4
5
2
3
6
5
11
7
4
14
3
10
6
7
5
7
10
3
5
6
10
8
2
14
13
8
3
8
7
13
14
20
19
19
19
18
21
15
23
23
24
26
21
20
21
37
25
23
30
35
40
45
42
35
53
39
48
61
63
56
66
67
66
70
63
76
86
70
84
91
83
86
97
110
90
105
110
115
125
122
128
136
144
119
125
134
129
141
160
163
142
141
133
156
183
141
163
185
169
158
160
177
177
163
179
185
202
164
202
186
205
178
175
184
181
205
185
180
202
196
194
179
215
199
187
202
156
191
160
164
182
165
166
176
183
167
180
169
163
147
162
129
131
146
154
111
136
126
129
145
129
114
127
122
111
132
91
134
126
90
93
111
87
82
89
101
85
77
86
75
86
67
71
78
61
65
58
68
59
63
64
55
65
53
55
50
45
44
54
33
53
44
46
54
30
33
43
35
30
26
30
38
25
23
28
39
34
28
29
20
22
17
16
14
17
15
12
20
11
10
19
15
13
6
20
9
9
12
7
10
7
12
8
7
12
6
7
6
6
6
5
5
3
4
1
6
3
4
4
8
1
6
4
6
5
1
4
8
0
3
2
3
0
2
2
1
1
2
0
0
0
1
2
2
0
0
0
2
0
0
0
1
1
2
2
1
1
1
0
0
0
0
0
2
1
0
0
0
0
1
1
0
0
0
1
2
0
0
0
0
0
0
0
1
0
2
0
0
0
1
1
1
2
0
1
1
0
2
1
0
2
1
2
0
0
0
2
0
1
0
2
3
0
2
0
1
0
1
0
1
0
3
2
0
1
1
0
1
0
0
1
1
3
1
1
1
0
2
1
1
0
0
2
1
1
4
1
0
2
1
3
2
0
0
1
1
3
0
0
0
2
2
2
0
1
2
1
0
2
1
1
1
1
1
0
3
4
1
1
1
1
1
2
0
2
0
0
0
0
1
2
1
0
2
3
3
0
0
1
3
0
3
1
2
1
1
1
0
0
0
3
2
0
3
3
4
0
0
0
3
2
1
1
1
5
1
0
1
1
1
0
0
0
2
2
1
1
1
0
2
0
1
2
0
1
0
2
2
0
0
2
5
3
0
0
5
1
3
0
0
1
3
2
1
1
1
1
0
1
0
1
1
0
1
1
0
1
0
3
0
1
0
1
1
2
1
0
2
2
5
1
1
1
0
1
0
0
1
0
0
0
1
0
1
3
1
3
1
1
1
0
1
1
0
2
1
1
1
0
3
2
1
0
2
1
1
0
1
2
0
1
1
0
3
0
1
3
1
0
0
0
0
1
2
2
0
1
2
5
2
0
1
2
0
1
1
1
3
1
3
2
0
1
0
0
0
3
1
1
2
2
0
1
0
1
3
1
1
0
0
1
2
3
0
0
1
1
2
2
0
2
1
1
0
0
0
0
