0
0
0
0
0
1
0
4
0
1
1
2
2
4
1
2
2
0
1
0
0
1
0
1
2
3
2
0
4
1
0
0
0
0
2
0
2
1
2
1
0
2
1
1
1
3
1
2
3
1
0
1
0
0
2
1
0
4
0
0
1
1
3
2
4
0
1
3
3
1
3
6
6
3
3
5
4
3
0
2
0
2
1
2
2
1
1
3
3
5
3
2
2
0
1
4
5
1
1
4
3
3
1
1
4
4
4
2
3
3
4
5
2
1
3
4
3
4
1
3
3
1
6
3
2
2
1
3
0
2
3
4
4
2
4
2
0
3
1
6
1
0
2
1
2
5
1
6
1
5
1
3
2
2
3
0
4
3
5
1
3
2
3
3
3
1
6
4
4
3
7
3
1
6
4
1
3
3
0
4
1
2
2
5
2
6
4
3
2
4
3
6
5
3
5
0
2
2
3
3
7
6
4
6
2
9
4
10
2
6
3
6
8
5
10
5
6
7
5
7
7
7
11
11
11
14
5
11
8
9
10
11
10
11
6
9
14
9
5
12
14
10
17
8
9
15
15
15
14
14
14
17
23
15
13
17
11
17
15
13
18
11
16
13
19
15
18
20
9
19
21
16
16
19
17
22
14
13
16
15
12
13
13
15
14
11
17
17
15
13
9
13
20
14
15
16
18
8
5
8
8
12
9
17
13
9
12
14
10
11
7
7
9
9
10
11
10
6
8
7
7
7
11
9
12
8
4
3
8
7
1
10
5
12
16
11
9
11
13
11
8
13
16
7
9
8
7
12
11
9
7
8
6
6
14
13
8
11
9
11
7
7
13
16
15
14
20
7
9
14
9
13
11
22
11
13
7
18
8
17
13
12
10
16
12
14
19
11
5
9
12
23
17
11
15
15
17
20
14
20
12
14
13
18
14
14
14
15
19
13
20
11
12
19
19
20
18
9
23
21
16
18
19
24
21
15
21
16
20
17
15
25
20
17
27
23
17
29
26
33
28
42
27
20
28
47
41
42
34
47
45
51
39
71
61
48
54
56
49
72
90
87
92
95
95
106
89
92
119
110
101
131
115
118
129
117
134
154
168
169
161
170
202
186
206
203
207
203
219
248
256
256
244
266
271
255
285
285
294
286
321
291
325
348
358
320
327
334
392
363
375
369
342
361
379
350
427
442
396
394
392
424
439
433
433
437
423
440
429
438
442
460
438
469
454
451
438
498
481
457
449
460
432
446
445
449
448
403
431
427
415
406
403
381
404
413
396
426
373
397
386
379
389
371
386
315
381
356
327
312
303
338
334
308
319
297
308
299
260
250
259
250
258
252
255
231
243
242
232
219
231
231
235
201
204
213
176
168
183
156
200
159
163
158
135
148
117
131
135
116
128
122
118
120
106
101
111
96
91
85
87
84
105
95
81
95
77
76
69
74
55
56
69
65
76
65
45
51
42
57
68
57
49
30
45
48
31
31
30
34
35
27
32
27
24
27
32
25
27
34
26
30
20
21
22
21
15
17
14
17
19
18
16
11
12
11
11
13
9
10
11
11
9
7
9
8
7
4
5
14
10
4
10
5
6
6
5
3
0
10
7
1
6
2
3
4
5
4
1
2
3
6
2
1
5
6
2
4
1
2
2
3
0
3
3
2
2
3
3
2
3
3
2
1
2
3
4
0
0
0
2
2
1
1
3
0
5
1
2
2
1
4
3
1
2
1
1
2
4
1
0
3
4
2
4
2
5
2
0
4
2
3
3
2
4
1
3
1
2
3
2
1
2
0
3
3
2
2
0
1
1
1
4
1
2
1
1
2
1
1
2
3
1
3
4
3
2
1
0
4
5
3
1
4
3
4
6
1
3
2
1
2
2
0
2
2
3
0
1
0
1
5
1
5
0
3
3
4
1
2
3
0
1
4
3
4
1
3
4
5
4
2
3
0
3
2
1
2
3
6
2
2
0
5
4
3
1
1
3
2
3
1
2
5
2
1
3
1
5
4
3
5
4
4
4
1
1
3
5
4
1
5
3
2
4
3
3
1
3
3
1
1
2
3
2
3
2
2
3
4
0
2
1
4
2
2
2
0
1
2
4
3
2
2
2
0
0
4
0
0
3
1
1
4
3
2
2
3
0
3
4
1
1
1
2
2
2
3
6
5
0
1
3
2
1
2
1
2
0
0
0
3
5
2
2
0
1
1
0
1
5
4
2
3
3
2
1
3
1
3
3
1
0
2
1
5
2
3
2
2
2
0
0
0
4
3
2
3
1
3
1
2
4
2
4
2
1
2
1
2
1
1
3
3
1
5
4
3
1
1
2
3
0
0
