0
0
0
0
0
0
0
0
0
0
0
0
0
0
0
0
0
0
0
0
0
0
0
0
0
0
0
0
0
0
0
0
0
0
0
0
0
0
0
0
0
0
0
0
0
0
0
0
0
0
0
0
0
0
0
1
0
0
0
0
1
0
1
0
0
0
0
0
0
1
0
0
1
0
0
1
0
1
0
0
0
1
2
1
1
0
1
0
0
0
0
0
1
1
1
1
0
0
1
1
0
0
0
2
1
0
1
1
0
0
0
1
0
0
2
1
3
2
2
1
1
2
2
0
4
2
0
1
3
4
4
3
1
4
3
3
3
2
3
3
2
3
5
1
5
5
5
4
2
3
7
3
2
3
3
5
6
5
4
2
2
5
5
4
3
2
1
4
4
5
3
7
7
2
3
9
1
0
3
3
1
3
2
2
4
1
1
3
2
3
4
6
1
5
1
2
1
1
4
3
3
3
0
3
4
2
0
3
1
4
0
5
1
2
2
1
2
2
0
1
2
0
1
0
1
2
2
1
1
1
0
1
1
3
2
3
0
2
0
0
0
4
0
3
0
1
2
3
0
1
1
2
2
1
0
2
0
0
1
1
3
4
2
1
1
0
0
0
1
4
0
1
0
0
1
1
0
1
2
0
1
1
1
0
3
0
2
0
1
1
2
3
0
4
3
0
0
0
0
0
1
1
1
1
0
1
2
1
0
2
4
0
0
1
1
0
0
1
2
1
3
2
2
1
1
1
1
0
2
1
1
2
2
1
2
3
1
0
1
4
4
2
1
3
1
4
1
0
2
2
0
1
3
3
4
2
4
5
2
4
7
7
1
9
10
5
6
9
10
11
4
11
10
9
13
10
15
15
10
16
24
20
16
25
19
31
22
30
25
27
33
32
32
35
33
44
38
46
44
48
43
50
70
38
50
57
53
66
63
78
61
70
68
64
71
76
75
81
83
84
91
83
83
79
92
99
91
93
92
83
81
90
92
93
100
99
103
107
92
109
110
102
98
83
98
85
100
111
78
97
89
98
85
96
101
85
102
97
95
91
75
84
87
84
86
84
85
92
76
67
71
76
70
65
72
64
61
54
57
69
69
58
48
67
56
52
42
50
41
40
45
45
38
36
36
40
40
31
28
35
33
32
33
31
27
31
25
19
19
25
26
27
16
21
14
14
17
16
18
18
16
19
7
10
10
14
16
11
11
5
10
13
5
13
10
3
6
12
7
6
7
5
5
7
3
8
5
6
5
4
4
2
4
5
3
1
2
1
2
5
1
2
4
3
3
2
0
2
1
2
1
2
2
1
1
1
0
0
1
1
0
2
0
0
0
3
0
2
0
1
0
2
2
1
2
1
0
0
1
2
1
0
0
0
1
0
0
0
1
0
1
0
0
0
0
0
1
0
1
0
0
0
0
0
0
1
0
0
0
0
0
4
0
1
1
0
0
0
1
0
0
0
1
0
0
0
1
0
2
0
1
0
0
0
1
0
0
1
0
1
0
0
0
1
1
1
2
1
0
0
1
0
0
0
2
0
1
1
1
0
1
3
1
0
0
0
1
0
2
0
0
0
1
0
0
0
1
2
1
0
0
0
2
1
0
0
0
2
1
0
1
2
0
1
0
2
1
0
1
0
1
0
1
0
1
1
2
0
0
0
2
0
1
0
0
0
2
0
1
1
0
0
2
1
0
0
1
2
4
1
0
1
1
2
1
0
2
1
3
0
3
0
1
1
2
1
3
0
1
3
0
0
1
1
1
1
2
0
3
2
1
2
1
1
0
1
2
1
4
1
2
0
2
2
2
3
0
1
3
1
1
0
2
1
1
2
0
1
4
1
1
1
0
2
3
2
1
0
1
2
2
0
1
0
2
2
1
3
0
0
2
1
4
2
0
2
0
1
2
0
4
4
4
0
5
2
1
2
4
3
2
5
3
3
2
0
0
6
1
2
3
1
0
5
0
3
3
2
1
1
1
1
2
0
2
0
5
1
2
2
3
1
1
0
0
1
2
3
3
1
2
1
2
3
2
1
0
2
5
0
1
1
0
0
1
1
3
1
2
0
2
2
1
0
2
0
1
1
0
2
1
1
0
0
1
2
1
2
0
2
1
1
4
1
0
2
2
3
1
0
1
3
0
0
2
0
2
2
3
0
3
1
0
2
2
1
3
0
1
1
1
1
0
1
2
1
1
4
0
1
1
0
1
3
2
1
2
2
0
0
1
1
2
0
1
2
1
1
0
1
0
0
3
0
2
0
1
1
2
1
0
2
2
1
0
3
1
0
1
4
2
0
1
3
1
6
5
1
1
3
2
2
0
0
