0
0
0
0
0
0
0
0
0
0
0
0
0
0
0
0
0
0
0
0
0
0
0
0
0
0
0
1
0
0
0
0
0
0
0
0
0
0
0
0
0
0
1
0
0
0
0
1
2
0
0
0
0
0
0
2
0
0
0
0
1
1
0
0
2
0
2
1
0
0
1
0
0
3
1
0
0
0
2
1
1
0
2
2
1
1
1
1
2
0
1
0
0
0
1
3
1
0
0
1
1
0
2
0
1
0
1
0
2
1
1
1
1
1
1
3
0
0
2
0
0
1
1
0
0
0
0
1
2
0
2
2
3
2
0
0
1
0
3
3
1
1
0
3
1
2
3
0
1
4
2
1
1
3
3
2
0
0
1
0
1
5
1
5
4
3
2
5
5
3
2
7
4
2
5
3
5
4
3
5
5
1
8
3
6
5
4
4
5
6
5
5
7
6
4
5
6
8
5
4
5
7
7
11
3
6
7
5
4
3
11
4
4
5
6
6
3
9
1
9
6
4
6
7
4
2
6
5
2
8
3
4
2
4
7
2
1
6
3
1
2
2
2
3
2
3
5
2
4
5
3
1
0
5
1
2
2
3
1
2
1
5
0
3
1
1
1
1
0
1
2
2
0
2
2
3
2
0
3
0
1
1
2
3
1
3
0
3
1
1
3
3
2
1
1
0
1
2
1
3
0
2
1
2
1
1
2
0
0
3
2
2
2
4
2
2
0
2
0
4
1
2
1
3
0
0
3
0
1
1
1
1
2
1
1
5
1
2
2
2
4
4
0
0
6
3
0
0
1
4
2
0
5
0
2
3
3
2
1
2
0
3
1
3
5
2
5
3
1
3
3
3
2
3
2
4
6
5
3
4
3
3
4
3
0
3
9
7
5
7
6
7
8
9
4
3
6
5
8
4
4
5
10
15
14
12
10
19
18
12
19
23
25
19
22
20
14
22
29
35
17
34
24
31
35
39
31
35
40
60
48
40
63
45
60
59
65
51
70
72
75
80
90
82
68
80
85
84
93
79
105
87
105
105
97
110
117
112
109
123
122
131
121
111
149
137
138
152
152
126
156
151
151
140
162
139
171
180
168
160
161
152
157
132
194
171
167
162
142
152
143
164
144
166
167
159
127
144
155
134
138
160
137
127
95
127
150
109
134
112
135
137
122
114
96
95
106
106
100
100
105
117
112
87
91
79
72
80
94
78
86
85
74
88
76
58
59
81
63
66
61
54
59
53
56
64
39
55
55
50
49
46
43
47
44
24
43
35
39
26
30
36
25
29
28
22
28
26
22
25
18
17
23
19
11
21
21
21
18
9
10
15
20
12
10
13
20
6
16
11
8
5
9
9
4
9
6
11
9
6
5
2
3
5
6
6
4
3
6
4
6
2
4
8
4
2
3
3
3
3
5
1
3
1
2
3
4
3
5
0
1
1
0
2
3
0
1
1
0
0
1
1
0
1
1
0
0
4
0
0
0
0
2
0
1
0
1
0
1
0
0
0
0
0
0
0
0
3
2
0
0
0
1
1
1
0
2
0
0
1
0
0
1
2
0
0
0
0
1
0
0
1
1
0
0
0
0
2
1
0
0
1
1
0
1
0
0
0
0
2
0
2
0
0
0
2
1
0
1
0
1
2
0
0
1
2
3
0
0
0
0
1
1
0
3
0
4
0
0
1
0
0
1
0
1
1
2
1
0
0
1
1
1
0
1
1
0
0
0
1
1
0
0
1
2
1
2
2
1
3
1
1
0
3
1
1
2
0
1
1
1
0
2
1
0
2
0
1
0
1
0
1
3
1
1
0
1
1
2
1
2
2
3
0
2
1
0
1
1
0
2
4
2
0
1
3
2
1
0
0
2
1
2
0
0
0
0
2
2
1
2
1
0
0
2
0
2
1
1
1
1
0
1
2
1
1
3
1
1
0
0
1
3
0
2
1
2
0
1
1
0
0
2
1
0
4
4
2
0
1
2
2
1
4
2
1
1
0
1
2
0
2
0
0
0
3
1
1
1
0
0
2
2
1
0
0
2
0
4
1
1
2
2
0
1
0
2
3
1
2
0
0
0
1
0
2
0
1
2
3
0
0
3
1
1
2
3
0
0
1
0
5
1
1
2
1
2
1
1
0
0
0
1
3
0
1
0
0
0
2
1
0
4
0
1
3
0
1
0
2
1
2
1
1
1
1
2
0
0
0
1
0
2
0
0
0
1
2
0
2
1
0
3
0
1
1
3
2
1
1
2
1
0
0
1
0
0
1
0
0
1
3
3
2
0
0
1
0
2
0
0
0
1
2
0
1
0
1
0
1
2
1
0
0
