0
0
0
0
0
0
0
0
0
0
0
0
0
0
0
0
0
0
0
0
0
0
0
0
0
0
0
0
0
0
0
0
0
0
0
0
0
0
0
0
0
0
0
0
0
0
0
0
0
0
0
1
0
0
0
0
0
0
1
0
0
0
0
0
0
1
1
0
0
1
1
0
0
1
0
0
1
0
0
2
0
0
0
0
0
1
1
0
1
2
2
0
1
1
0
0
0
0
0
0
0
3
0
1
0
0
0
0
0
0
2
0
1
0
0
1
0
0
1
0
1
1
1
1
2
2
1
1
1
0
0
1
1
0
1
0
0
1
0
1
1
0
0
0
0
1
3
1
0
0
0
1
0
1
0
2
0
1
0
0
0
1
1
1
3
2
1
1
2
1
1
1
0
1
0
1
1
1
0
2
1
1
1
2
1
1
0
0
0
0
0
1
1
1
0
1
1
0
1
0
1
1
0
1
0
1
0
0
1
3
1
3
0
2
0
2
1
1
2
2
0
0
0
1
1
2
2
1
3
0
0
1
3
2
1
1
1
1
0
3
2
1
3
1
0
5
1
0
2
1
3
0
4
3
5
1
3
4
6
3
7
4
8
8
4
7
5
7
10
7
6
6
13
9
16
9
14
13
24
16
20
11
14
23
30
21
17
24
18
19
19
25
26
24
34
35
21
25
22
27
40
29
34
26
45
35
43
35
33
33
39
26
26
37
28
29
32
35
26
29
35
27
28
33
32
22
30
16
36
31
25
26
31
18
25
16
28
24
29
24
20
15
25
17
19
14
22
18
23
24
18
20
13
15
16
10
9
14
12
7
4
5
10
9
12
10
8
5
4
12
8
4
6
8
5
5
5
8
4
5
3
5
5
9
6
7
4
0
2
1
1
5
3
2
1
1
2
2
2
1
4
0
1
2
1
1
0
2
1
1
4
2
1
2
2
1
2
0
1
2
0
0
0
0
0
0
2
1
0
0
0
2
1
3
0
0
4
0
0
0
1
0
0
0
4
0
1
1
1
1
1
1
0
0
1
0
1
0
0
1
0
1
1
0
0
0
0
1
1
2
0
0
3
1
2
4
1
0
0
0
0
1
2
0
1
0
1
1
1
1
0
3
0
1
2
0
0
2
0
2
2
2
2
0
1
0
3
2
1
0
0
0
2
0
1
2
2
0
0
0
1
0
0
0
1
1
0
2
0
2
2
2
1
1
1
2
1
0
1
1
0
0
0
0
1
2
0
0
1
0
1
0
0
1
0
2
0
1
2
1
0
1
0
2
0
1
0
0
0
0
2
3
1
0
2
2
1
0
1
1
0
1
0
0
0
0
1
0
0
2
0
0
1
1
0
0
0
0
0
0
1
2
0
1
0
2
0
0
0
0
0
0
0
0
0
1
1
1
0
1
1
0
0
2
0
0
0
0
1
0
0
2
1
0
2
0
3
0
0
0
0
0
1
0
0
1
1
0
1
0
0
0
1
1
3
0
1
0
1
0
0
2
1
1
0
1
0
0
1
1
0
3
1
1
0
0
0
0
1
0
1
0
1
2
0
1
0
0
1
3
2
2
0
0
0
0
1
2
0
1
0
1
1
1
0
0
0
1
1
0
1
0
1
1
2
0
1
3
0
0
0
0
1
0
3
0
0
2
1
1
0
2
2
2
2
1
1
1
0
0
1
0
3
3
1
3
0
2
2
2
0
1
0
0
0
0
2
2
0
2
3
2
0
5
1
1
1
0
6
1
1
1
2
4
1
0
4
0
2
1
2
1
1
0
0
4
0
1
5
3
1
3
2
5
4
1
0
2
1
2
1
2
1
1
4
1
6
3
3
2
5
4
1
1
0
2
1
1
3
4
1
4
2
3
3
2
1
3
0
6
2
6
3
1
0
0
1
2
3
2
1
4
4
2
2
2
3
2
3
2
3
2
1
2
2
4
5
3
2
1
2
2
1
0
3
4
3
2
3
0
1
2
2
3
2
1
0
3
4
1
2
3
2
5
1
1
1
4
3
4
4
2
2
3
1
2
4
2
0
1
0
1
2
2
4
1
1
0
2
1
2
2
3
2
3
1
2
2
1
0
1
3
2
2
2
4
2
0
1
2
1
0
2
0
1
0
0
4
2
3
3
0
1
4
1
1
2
0
0
1
1
0
1
2
2
0
2
1
1
1
3
1
3
2
3
3
3
2
1
3
2
2
3
5
1
3
2
5
1
3
6
4
3
1
1
3
2
1
1
2
1
3
0
8
2
3
2
4
2
2
1
0
2
3
3
2
3
3
1
3
2
1
3
1
2
2
3
3
1
3
2
1
0
0
