0
0
0
0
0
0
0
0
0
0
0
0
0
0
0
0
0
0
0
0
0
0
0
0
0
0
0
0
0
0
0
0
0
0
0
0
0
0
0
0
0
0
0
0
0
0
0
0
0
0
0
0
0
0
0
0
0
0
0
2
0
0
1
1
0
1
1
1
2
1
3
3
0
1
1
1
1
0
1
1
1
0
0
2
5
1
0
3
1
3
2
6
3
2
5
2
1
3
0
3
3
5
7
4
0
1
4
4
2
6
4
2
5
4
3
4
3
1
7
3
5
3
4
9
4
0
5
3
1
5
3
6
7
2
2
5
1
1
4
3
5
5
3
5
2
3
1
4
2
3
2
3
6
3
2
2
3
2
0
1
3
1
1
4
2
2
2
1
1
1
1
0
1
1
4
1
0
0
0
2
3
2
2
3
1
2
3
0
4
2
1
1
2
1
0
1
0
2
0
3
3
4
2
1
3
2
2
0
0
1
1
1
0
3
2
0
5
2
0
1
0
0
1
1
0
1
0
3
1
0
2
1
2
3
2
1
0
1
0
0
1
2
2
0
0
2
2
0
1
2
1
1
1
2
0
0
1
3
1
1
3
0
0
1
0
2
1
1
0
0
1
1
2
1
2
0
2
1
0
1
1
0
4
1
0
1
1
3
1
1
2
4
2
1
1
2
0
6
3
2
2
1
1
1
0
0
4
0
0
2
3
3
2
7
0
1
2
2
2
2
1
0
5
5
4
1
2
6
8
3
10
8
5
4
7
11
6
11
9
13
10
6
7
7
13
17
16
18
15
19
20
30
18
20
32
24
27
36
26
43
29
46
43
40
48
43
35
57
61
61
61
54
42
73
64
67
72
73
75
87
60
94
73
75
91
77
112
84
108
90
84
106
92
107
99
95
107
103
113
95
94
126
124
117
147
97
108
107
110
120
122
112
105
94
115
109
118
110
98
95
76
104
103
105
90
81
103
80
82
84
89
88
76
75
72
82
71
73
82
76
71
73
53
60
63
57
66
76
62
55
41
40
54
57
41
39
44
38
31
30
32
27
27
45
41
34
34
23
19
17
26
25
23
30
21
16
19
22
22
22
13
15
18
15
14
13
15
11
15
13
6
9
9
9
13
14
11
6
8
6
7
9
6
8
6
4
7
11
1
5
3
6
3
3
6
3
5
4
4
6
6
4
6
4
8
4
4
2
4
4
5
5
3
2
3
3
4
1
3
2
0
5
1
2
3
3
0
0
2
1
4
5
0
3
2
5
3
2
2
3
5
2
1
1
1
2
2
0
3
0
2
1
1
3
2
1
2
0
0
1
5
2
0
1
2
1
4
5
0
2
2
1
4
1
1
0
1
5
1
3
2
3
2
1
2
2
1
1
1
1
3
2
2
0
2
3
0
2
2
2
1
2
1
1
0
0
1
1
2
1
1
0
0
1
0
1
1
2
1
2
0
1
2
2
1
1
0
1
0
1
1
1
0
3
1
0
0
0
1
1
0
1
2
0
4
4
0
2
0
1
1
2
1
0
0
0
0
0
1
0
2
2
1
0
3
0
0
0
1
1
1
0
0
0
1
0
1
0
1
1
0
1
1
1
2
1
2
2
1
2
1
1
1
2
2
0
3
1
2
0
2
1
1
1
3
3
2
2
1
1
4
3
1
0
1
2
0
1
2
3
1
2
1
2
1
2
1
0
2
0
1
1
1
0
2
2
1
3
4
1
0
0
2
3
1
2
1
2
1
1
1
1
0
3
3
1
1
1
4
0
3
1
2
0
1
0
2
1
3
1
4
0
0
1
2
0
1
0
3
1
5
2
2
1
1
0
1
0
2
1
3
4
1
4
3
2
3
1
2
1
4
3
2
0
2
3
3
2
4
1
0
0
2
0
2
0
1
1
3
3
3
2
1
1
2
5
3
5
1
1
3
1
2
1
2
0
4
2
1
4
4
3
2
1
4
4
3
1
2
3
3
2
2
0
2
2
0
3
3
4
4
2
0
1
0
4
1
2
3
0
2
0
3
1
2
3
5
0
2
1
2
1
0
2
0
2
2
1
2
2
2
2
1
1
2
1
1
2
1
1
2
1
4
4
3
2
1
1
3
1
0
2
2
2
1
1
1
2
1
2
0
3
2
2
4
0
1
2
0
2
2
1
5
2
0
2
2
2
0
0
3
2
1
2
1
4
1
3
2
7
2
2
1
1
1
1
3
2
2
1
2
2
4
2
3
2
1
1
2
1
1
2
2
1
2
1
0
0
1
2
1
3
1
2
3
3
2
3
1
2
0
1
1
0
3
2
1
1
2
0
4
1
0
0
