0
0
0
0
0
0
0
0
0
0
0
0
0
0
0
0
0
0
0
0
0
0
0
0
0
0
0
0
1
0
0
0
0
0
1
0
0
0
0
0
1
0
0
0
0
0
0
0
0
2
0
0
0
1
0
0
1
0
0
0
2
2
1
2
0
4
1
0
1
2
1
0
1
0
4
1
0
3
2
0
0
0
1
1
5
1
0
1
1
0
0
0
1
3
1
0
2
1
2
2
0
1
0
2
0
1
4
1
3
1
1
2
1
1
1
2
2
0
1
2
0
3
1
2
1
1
2
0
1
0
1
1
3
1
1
3
2
2
2
0
3
0
3
1
2
1
2
4
1
0
0
3
3
1
0
3
0
1
2
1
0
2
1
1
1
0
3
2
3
1
1
0
4
4
3
3
2
1
2
1
1
3
4
3
1
2
5
1
2
1
2
3
1
2
4
3
1
0
0
2
0
3
2
1
1
4
0
1
1
3
0
1
3
3
1
2
0
1
1
3
1
0
2
5
3
1
2
1
4
1
3
2
2
3
1
2
6
2
2
1
3
7
2
3
2
2
4
3
5
0
4
0
5
2
2
2
2
3
5
2
3
4
2
6
3
3
3
2
4
5
5
8
11
6
8
5
7
6
3
8
10
10
14
9
11
11
15
9
10
8
15
9
12
6
13
9
15
15
16
16
11
15
20
18
24
21
10
24
33
17
32
27
33
37
28
31
39
40
30
34
31
37
25
44
47
37
43
33
50
34
57
43
53
46
49
45
52
53
48
74
53
55
42
54
49
43
55
48
48
59
45
52
44
44
42
39
38
48
37
39
49
33
40
37
41
30
47
32
24
32
31
29
29
39
21
19
33
25
22
34
33
23
27
33
18
30
17
22
17
15
12
14
12
17
14
13
17
16
15
15
11
8
9
9
12
8
7
7
7
5
4
7
7
7
7
6
8
12
7
3
3
7
4
7
6
4
4
7
4
5
1
2
6
5
3
4
6
5
4
1
4
3
4
3
5
3
1
2
1
1
1
3
2
1
2
3
5
0
6
0
1
0
4
1
0
3
1
0
1
2
1
2
1
2
2
0
3
0
5
3
3
2
0
0
2
1
2
2
2
4
6
2
1
1
0
3
0
1
1
0
4
1
3
3
1
2
3
1
3
2
5
1
1
0
0
1
1
1
3
1
1
2
2
2
3
2
2
0
1
0
1
1
4
2
1
0
1
2
2
2
1
0
0
2
1
0
0
0
2
3
1
2
1
2
0
1
2
2
0
2
2
0
0
0
0
2
1
0
0
1
1
1
1
0
1
1
1
2
2
1
1
0
0
1
1
2
3
1
1
1
1
3
0
0
1
1
1
0
0
0
1
0
1
2
3
0
1
0
0
1
1
0
1
0
0
0
0
1
2
1
0
3
0
0
0
3
0
0
2
1
2
1
0
1
2
1
2
1
0
1
1
0
1
0
1
3
0
2
1
2
0
0
0
0
3
1
0
0
3
2
0
0
2
2
1
1
0
2
1
2
1
2
1
0
1
1
0
1
1
0
1
0
0
1
1
1
0
2
2
1
2
0
0
0
1
0
3
0
2
0
1
2
0
0
1
4
3
1
1
2
0
3
2
1
0
1
2
4
0
2
2
5
1
1
1
2
3
1
1
0
0
2
2
2
0
3
2
0
2
1
1
2
0
2
1
0
5
3
2
2
0
1
2
2
1
2
0
2
1
1
2
1
3
0
2
1
1
1
2
2
4
3
3
2
3
4
0
3
3
1
1
1
2
0
0
1
0
3
2
4
2
1
3
2
1
1
1
2
2
2
1
1
2
5
2
0
1
2
0
3
1
4
3
2
3
1
1
1
0
0
4
5
7
1
1
3
2
2
4
1
1
1
3
3
4
2
4
1
2
2
0
2
3
1
0
2
0
5
3
2
2
0
5
1
2
3
0
1
4
1
0
2
1
2
3
1
3
0
2
1
0
1
2
3
1
0
3
3
2
2
1
3
1
3
3
4
1
1
2
3
2
6
4
2
2
2
5
2
2
1
4
2
0
0
1
1
2
0
2
3
3
3
0
2
1
0
2
2
0
4
1
1
3
2
0
2
1
0
2
0
4
1
2
2
1
1
0
3
2
1
2
4
2
2
1
0
4
0
3
2
1
0
0
1
4
4
3
2
0
1
1
2
1
1
1
2
2
1
3
1
1
0
1
0
0
2
1
2
5
0
0
2
3
2
3
0
2
2
1
1
2
2
2
3
2
2
5
1
1
3
1
1
2
1
0
3
1
1
1
2
0
1
2
0
1
0
2
4
1
1
2
2
0
0
