0
0
0
0
0
0
0
0
0
0
0
0
0
0
0
0
0
0
0
0
0
0
0
0
0
0
0
0
0
0
0
0
0
0
0
0
0
0
0
0
0
0
0
0
1
0
0
0
0
0
0
0
0
1
0
0
0
1
0
0
2
0
0
0
1
1
2
1
0
1
0
2
0
0
1
0
1
0
0
1
1
1
1
2
1
1
2
2
2
2
1
1
3
1
0
0
2
0
2
4
3
3
3
1
1
3
1
1
1
1
0
2
4
3
2
1
2
1
0
0
2
2
3
0
0
2
4
2
0
1
2
0
1
2
1
0
2
2
2
0
0
2
0
1
1
1
3
0
2
2
0
3
2
4
1
0
1
2
2
2
1
0
1
1
5
2
1
1
2
1
2
2
1
3
0
2
2
2
3
3
0
1
2
1
1
1
1
1
0
1
1
2
2
2
3
1
3
2
3
3
3
3
2
3
0
2
1
2
0
4
2
2
2
0
1
3
1
1
0
0
1
2
2
1
0
2
1
0
0
1
3
1
4
1
1
3
0
0
1
3
3
2
0
3
3
3
0
2
2
0
0
0
0
2
2
1
5
0
0
0
2
2
5
2
4
1
3
5
1
4
6
3
4
3
3
3
0
2
1
3
1
1
5
2
2
6
2
4
3
3
1
1
2
1
4
2
3
3
2
1
1
2
3
4
2
1
4
0
5
7
4
6
5
6
4
3
6
5
12
5
1
9
10
7
4
9
10
5
9
9
6
10
11
13
7
11
7
6
10
10
10
11
7
10
12
9
11
8
10
10
14
17
9
11
11
8
13
12
12
6
3
10
5
9
17
9
11
13
15
9
10
13
13
12
4
18
16
9
12
9
6
12
5
15
7
13
6
17
12
9
12
10
9
9
10
14
12
9
14
8
13
13
6
12
10
11
19
6
15
6
15
13
8
11
17
12
7
8
8
11
16
13
15
10
12
10
7
13
18
12
11
7
11
8
8
20
13
12
12
15
20
13
8
12
10
12
14
5
10
10
8
7
9
4
16
11
15
9
15
13
10
7
9
9
6
13
15
10
12
9
13
14
11
13
10
12
8
12
11
14
16
10
9
15
6
13
13
7
8
15
6
11
9
7
10
13
10
5
13
16
14
12
11
8
9
15
15
12
14
10
14
16
15
10
18
15
15
10
10
16
14
14
21
12
15
19
14
18
26
18
13
31
22
29
27
20
20
24
27
22
42
38
38
60
27
47
36
42
39
37
50
31
56
54
40
47
59
69
48
56
68
93
74
80
78
68
108
86
77
82
87
93
107
83
104
103
104
114
121
108
125
137
132
140
148
147
139
145
144
157
157
151
170
176
165
152
144
178
198
176
199
215
191
185
186
171
193
205
219
192
193
210
194
187
177
216
208
202
211
206
224
240
247
227
207
203
216
200
203
231
213
255
218
218
204
216
199
228
223
221
222
223
211
194
198
207
176
209
189
181
185
196
193
194
169
182
180
181
175
168
167
154
170
150
154
164
161
162
147
139
155
153
141
146
131
126
140
113
128
139
113
114
127
106
109
99
80
114
102
109
107
88
85
83
95
73
77
80
69
68
78
74
72
62
71
73
67
68
59
48
59
50
51
63
47
41
45
48
45
34
40
43
37
34
40
32
43
23
37
29
31
37
49
25
23
32
30
29
18
26
22
29
20
25
24
28
21
17
20
17
13
16
13
14
15
12
19
12
13
10
19
11
15
10
10
10
7
18
3
5
6
3
8
5
10
10
12
8
5
4
6
7
8
4
7
8
2
2
4
4
3
7
3
7
2
2
4
2
2
5
6
3
4
5
2
4
1
2
0
5
1
3
6
2
5
2
2
2
4
0
2
2
3
1
1
0
2
1
3
0
2
3
0
2
4
3
7
1
0
2
1
4
3
1
6
1
0
3
2
3
2
1
1
2
0
1
3
0
1
1
0
3
3
1
4
3
3
3
2
1
2
3
0
2
0
0
2
0
2
1
1
1
0
1
3
1
0
1
1
4
2
2
2
0
4
2
1
1
2
2
0
0
2
3
2
0
1
2
1
0
0
1
1
3
1
0
0
2
0
0
1
2
3
3
1
1
3
2
1
1
0
0
4
1
1
1
1
1
2
0
2
1
1
1
1
0
1
2
0
0
0
2
1
0
3
1
2
1
1
4
1
0
0
0
0
0
1
1
0
1
2
4
2
0
3
3
0
1
0
1
1
1
0
0
2
3
1
1
0
2
0
2
1
0
1
1
0
1
0
0
0
2
0
0
3
0
1
1
4
1
1
0
2
1
1
0
2
1
0
0
0
2
0
0
