1
2
4
4
2
0
0
0
1
2
2
2
2
2
0
1
4
2
6
16
22
532
7055
7690
7421
7466
7366
7280
7336
7220
7394
7391
7399
7340
7556
7727
7589
7425
7509
7557
7627
7790
7684
7880
8014
8481
9070
9606
10039
10020
10082
10126
10075
10129
10161
10040
10278
10326
10455
10511
11234
11416
11558
12031
12288
12838
13299
13925
14794
17036
25891
70593
183175
237030
122159
29478
10588
8130
8097
7890
7908
7988
7723
7955
7915
8024
7754
7760
7913
7812
7976
8234
8442
8209
8156
8126
8208
8279
8282
8232
8568
8716
8197
8322
8384
8605
8578
8262
8342
8200
8447
8348
8374
8480
8418
8502
8439
8463
8559
8659
8570
8647
8864
8677
8461
8134
8054
7780
7679
7625
7462
7369
7505
7483
7452
7339
7460
7582
7632
7457
7642
7484
7307
7381
7628
7742
7766
7733
7749
7317
6746
6391
6102
6291
6281
7095
11643
26644
43056
33128
14265
7364
5891
5660
5222
5021
4962
4866
4921
4798
4868
4774
4741
4691
4885
4831
4959
4921
4809
4701
4779
4795
4624
4534
4433
4442
4533
4509
4432
4316
4347
4310
4697
5636
6077
5030
4451
4222
4134
4171
4177
4087
4054
4134
4134
4005
4103
4198
4165
4081
4039
4078
4095
4300
4397
4422
4605
4831
4677
4647
4603
4706
4970
5339
7242
16638
51159
103055
97359
40545
12583
6943
5365
4464
4022
3900
3721
3638
3760
3631
3911
4635
6534
8227
7429
5199
3994
3495
3436
3403
3430
3347
3282
3363
3412
3417
3582
3549
3486
3363
3286
3313
3275
3217
3336
3310
3346
3352
3403
3325
3328
3777
4867
7883
9392
6903
4501
3987
3741
3616
3318
3244
3165
3186
3282
3223
3228
3271
3333
3304
3336
3353
3304
3426
4049
6034
10248
11201
7405
4424
3655
3543
3400
3230
3298
3298
3299
3289
3302
3368
3344
3273
3273
3169
3126
3130
2935
3114
3128
3071
3204
3101
3051
3183
3285
3204
3312
3751
4063
3730
3386
3227
3232
3106
3160
3038
3290
3197
3447
3298
3257
3212
3245
3271
3305
3135
3191
3126
3089
3261
3219
3158
3205
3117
3189
3233
3136
3101
3276
3254
3215
3306
3220
3247
3209
3183
3196
3227
3259
3303
3256
3324
3273
3315
3372
3266
3410
3339
3573
4149
4849
4839
4159
3749
3443
3439
3522
3383
3430
3434
3462
3375
3460
3519
3727
4164
4072
3632
3354
3247
3265
3041
3200
3083
3029
3020
2969
3074
3124
3145
3242
3072
3270
3116
3065
2986
3166
3061
3076
3116
3099
2996
3039
3027
2977
2902
3055
3089
3062
3028
3036
3035
2943
3029
3157
3099
3168
3315
3306
3319
3486
3427
3195
3211
3135
3042
2901
2953
2981
2985
2800
2865
2777
2789
2901
2818
2962
2989
3114
3289
3271
3023
2836
2819
2967
3392
4182
4273
3630
2947
2768
2770
2700
2670
2692
2692
2638
2754
2582
2654
2699
2759
2850
3057
2922
2798
2910
3080
3234
3168
3098
2979
2876
2834
2757
2802
2751
2782
2825
2792
2786
2903
2823
2844
2816
2827
2773
2822
2914
2861
2889
2969
3399
3373
3257
2978
2848
2905
2963
3153
3038
3073
2877
2955
2989
3136
3554
6404
13478
21414
19538
10698
5070
3564
3190
2962
2985
2873
2707
2671
2722
2670
2666
2505
2523
2437
2522
2515
2564
2563
3004
3089
3018
2676
2594
2443
2457
2543
2531
2359
2424
2486
2487
2338
2485
2504
2567
2444
2459
2536
2632
2626
2660
2758
2574
2520
2522
2482
2473
2357
2509
2539
2505
2446
2519
2574
2637
2688
3274
4471
6660
7211
5637
3721
3046
2921
2734
2780
2560
2485
2471
2485
2444
2393
2411
2360
2307
2318
2356
2302
2436
2438
2371
2404
2464
2234
2171
2240
2121
2048
1987
2060
1952
1999
2018
2129
2423
2479
2262
1996
2110
2146
2121
2122
1979
1989
1929
1878
1792
1766
1767
1719
1739
1731
1819
1793
1746
1713
1826
1829
1778
1764
1855
1944
2336
3915
8590
16229
19881
14239
6863
3475
2480
2163
2127
1976
1916
1756
1750
1640
1608
1664
1566
1609
1742
1841
1744
1539
1456
1440
1489
1487
1397
1431
1513
1872
2104
2078
1691
1495
1342
1329
1306
1324
1232
1192
1281
1347
1313
1289
1310
1295
1255
1157
1197
1210
1218
1225
1206
1231
1210
1174
1219
1258
1233
1201
1193
1235
1243
1224
1201
1205
1217
1254
1212
1237
1196
1219
1280
1290
1241
1217
1338
1331
1375
1315
1323
1423
1637
2269
4355
9255
14338
13952
9427
5497
3791
2492
1878
1790
1562
1567
1604
1560
1456
1541
1679
2352
4422
9125
15042
15979
10436
4755
2674
2294
2372
2864
3025
2755
2112
1696
1501
1471
1381
1340
1340
1270
1278
1255
1259
1205
1262
1210
1257
1237
1268
1207
1261
1242
1326
1207
1299
1270
1272
1329
1299
1288
1266
1292
1449
1422
1572
1499
1502
1430
1320
1351
1323
1303
1262
1283
1269
1253
1305
1194
1219
1166
1033
1103
1132
1013
1016
961
980
1004
979
1004
1228
1667
1958
1935
1533
1093
1000
956
980
940
956
894
923
964
1094
1338
1757
1937
1624
1171
1006
843
810
813
844
806
820
951
984
995
845
759
712
764
703
706
737
680
681
698
680
674
669
765
870
852
858
720
641
636
626
583
583
595
588
546
551
662
672
746
933
1388
1782
1658
1209
776
611
521
538
539
479
465
469
457
474
415
413
436
382
442
399
407
417
414
516
626
592
557
416
429
346
361
363
338
319
378
364
370
327
324
329
340
289
310
315
314
370
382
332
318
309
338
359
332
323
302
311
300
304
315
296
290
333
305
315
334
351
383
387
390
449
542
561
835
1507
3830
8909
15263
16989
12349
6016
2529
1474
1120
868
737
672
591
677
574
552
471
425
465
509
504
522
460
380
311
323
333
309
323
297
278
281
278
294
378
469
615
789
761
697
474
367
289
276
297
301
284
294
286
285
261
242
207
186
202
180
191
185
197
2
6
