0
2
0
0
2
0
1
0
0
1
1
0
0
0
0
0
0
0
2
1
0
133
1810
2125
2014
2081
1980
2058
2073
1993
2083
2063
2060
1991
2163
2076
2099
2114
2120
2097
2217
2172
2196
2266
2232
2182
2202
2291
2274
2388
2313
2355
2298
2300
2297
2374
2420
2383
2426
2425
2338
2395
2324
2379
2448
2450
2520
2353
2488
2543
2338
2407
2441
2504
2572
2452
2482
2574
2454
2483
2414
2475
2309
2548
2487
2493
2475
2482
2439
2538
2463
2389
2473
2423
2385
2446
2529
2526
2365
2537
2484
2557
2379
2363
2409
2415
2361
2366
2355
2481
2432
2399
2453
2622
2513
2416
2583
2626
2530
2687
2678
2508
2549
2527
2575
2563
2530
2533
2589
2573
2521
2522
2470
2614
2599
2714
2756
2712
2787
2774
2699
2667
2671
2625
2637
2546
2627
2571
2545
2497
2484
2473
2424
2455
2343
2447
2436
2411
2430
2296
2391
2317
2381
2227
2306
2247
2282
2148
2241
2215
2229
2142
2271
2206
2160
2162
2155
2119
2131
2072
2155
2171
2149
2119
2024
2122
2178
2035
2064
2077
1976
2113
2093
2119
2146
2109
2146
2092
2062
2005
2098
2055
2087
2048
2023
2181
2087
2026
2012
1970
1979
2057
2032
1956
2070
1953
2106
1987
1950
1963
2038
2025
2017
1995
1997
1986
1983
1941
2108
2086
1976
1978
2041
2071
2129
2089
1917
2097
2010
1930
1926
1850
1907
1851
1952
2067
1900
1910
2031
1941
2007
1992
1952
1947
1938
1921
2007
2003
1989
1959
1965
1977
1957
1972
1931
1953
1997
2006
2009
1907
2083
2020
1981
1973
2024
1993
2007
2056
2042
2018
1981
2018
2051
2001
2027
1986
2081
2007
2036
2021
2008
2093
2100
2112
2050
2157
2106
2152
2111
2093
2105
2125
2081
2285
2150
2196
2089
2180
2191
2218
2170
2220
2177
2143
2192
2190
2152
2144
2133
2041
1934
1975
1940
1896
1846
1796
1731
1693
1606
1633
1624
1699
1546
1605
1493
1580
1561
1554
1512
1547
1493
1592
1489
1541
1556
1509
1491
1436
1429
1472
1451
1437
1455
1413
1387
1384
1360
1361
1307
1364
1271
1267
1312
1310
1323
1318
1290
1301
1232
1244
1257
1189
1226
1237
1251
1221
1119
1206
1233
1138
1173
1139
1232
1207
1231
1175
1192
1184
1205
1198
1078
1165
1176
1164
1221
1201
1199
1141
1192
1201
1243
1186
1157
1181
1177
1178
1110
1099
1179
1178
1142
1155
1258
1244
1211
1137
1168
1156
1132
1187
1192
1147
1101
1156
1095
1173
1132
1137
1166
1176
1132
1148
1076
1122
1144
1079
1070
1077
1112
1039
1114
1152
1149
1160
1164
1200
1656
4199
15780
33565
26450
8530
2589
1696
1444
1392
1291
1315
1300
1299
1317
1265
1263
1246
1163
1142
1129
1130
1130
1194
1241
1116
1099
1056
1117
1063
1110
1081
1092
1088
1087
1130
1106
1064
1000
1062
1095
1066
1052
1064
1045
1054
1089
1089
1053
1064
1042
1112
1079
1062
1066
1089
1120
1081
1139
1085
1081
1044
1047
1079
1040
1086
1112
1098
1087
1087
1029
1096
1088
1062
1089
1122
1043
1144
1055
1119
1145
1098
1080
1049
1136
1148
1105
1125
1119
1148
1171
1027
1122
1106
1179
1090
1088
1182
1094
1144
1123
1123
1183
1185
1145
1194
1172
1154
1163
1136
1172
1164
1191
1195
1259
1247
1228
1162
1250
1211
1245
1423
2110
3482
3545
2104
1375
1239
1229
1193
1243
1211
1236
1225
1263
1235
1260
1311
1289
1272
1249
1262
1335
1293
1337
1343
1336
1278
1298
1370
1298
1323
1292
1376
1403
1331
1419
1305
1358
1392
1405
1378
1321
1372
1410
1376
1399
1440
1451
1376
1447
1540
1447
1444
1468
1461
1468
1558
1469
1487
1491
1529
1535
1518
1514
1412
1526
1501
1490
1560
1481
1539
1590
1593
1560
1592
1578
1522
1580
1592
1595
1585
1626
1635
1662
1559
1615
1586
1554
1520
1486
1570
1508
1488
1382
1381
1297
1315
1293
1282
1269
1184
1251
1192
1194
1229
1220
1218
1131
1132
1175
1168
1169
1154
1189
1160
1189
1185
1121
1149
1200
1135
1105
1112
1081
1126
1091
1151
1122
1087
1162
1099
1143
1063
1130
1138
1060
1022
1041
1055
1103
1067
1067
1078
1046
1072
1086
1040
1120
1130
1047
1042
1021
1046
1044
1032
1055
1054
1036
1051
1075
1041
1012
1020
1087
1007
1104
1015
1084
1044
1040
982
1090
998
1065
1037
1080
1062
1080
1091
1095
1063
1051
1100
1127
1048
1064
1054
1076
1069
1005
1073
1056
999
1066
1076
1031
1026
1029
929
973
881
821
835
780
730
725
727
687
731
691
720
755
706
665
710
610
593
614
605
619
639
587
633
610
572
637
640
557
598
597
609
625
674
854
1673
4813
13613
23656
20745
9178
2836
1217
992
729
697
660
593
632
571
588
509
515
474
505
517
487
447
473
434
478
471
455
452
441
430
359
384
403
385
407
380
411
389
402
427
382
438
444
448
436
446
425
451
412
378
338
312
318
331
357
317
374
344
343
405
376
407
446
458
565
768
1091
1363
1724
1822
1620
1225
687
405
229
200
169
183
186
182
172
143
178
168
176
172
154
218
188
190
176
162
184
170
172
163
158
184
170
157
165
170
183
184
166
211
205
267
388
860
2742
8464
17232
19742
12790
4490
1395
741
501
445
349
300
290
284
247
253
225
253
212
228
227
237
242
222
190
197
235
221
209
237
201
187
167
161
170
146
179
165
157
167
173
175
170
173
154
181
168
151
158
153
159
143
126
112
134
133
165
136
140
129
130
141
144
146
155
152
133
157
130
117
111
130
150
131
154
139
125
122
123
118
104
107
117
113
122
113
118
115
128
159
238
320
307
241
156
134
126
136
133
117
114
110
137
109
120
131
102
130
123
100
0
0
