35
60
87
97
112
106
133
110
132
130
142
170
158
208
207
194
222
238
245
236
274
289
297
375
402
427
425
493
534
570
557
683
716
799
887
925
1106
1096
1182
1322
1418
1564
1627
1874
1907
2239
2285
2600
2744
3027
3164
3549
3724
3996
4141
3999
4113
4125
4072
4102
3953
3933
3848
3769
3588
3544
3431
3241
3227
3209
3168
3066
2933
2995
2773
2671
2459
2449
2189
2130
2125
2111
1927
1772
1659
1768
1559
1619
1565
1491
1398
1401
1319
1327
1312
1473
1421
1576
1524
1558
1532
1554
1432
1449
1426
1409
1348
1337
1256
1248
1233
1219
1216
1157
1079
1140
1037
1127
1107
995
965
969
918
988
835
870
881
831
917
830
843
843
773
778
779
768
728
770
719
680
714
736
666
715
705
677
669
702
616
642
638
680
636
648
574
633
606
647
630
614
549
565
608
589
529
590
566
547
546
598
517
556
531
518
522
545
549
547
533
537
535
530
559
553
508
565
475
507
490
510
493
474
489
479
512
473
497
469
496
511
464
484
469
468
490
488
469
446
486
483
452
463
500
424
461
433
501
490
450
457
457
468
428
409
454
455
456
471
465
460
448
423
402
498
451
462
449
435
437
432
390
411
464
424
441
419
446
484
433
441
444
453
393
421
427
452
429
392
479
442
398
444
422
445
425
433
441
448
415
446
437
417
416
413
428
470
414
434
422
404
464
452
450
420
423
444
413
390
434
471
425
422
403
438
420
431
417
423
400
384
418
405
412
371
435
415
445
417
387
449
440
446
419
423
397
420
422
420
437
413
372
421
423
439
442
440
378
456
394
447
438
395
379
421
408
444
370
398
435
397
417
386
428
423
399
463
436
431
374
409
388
415
416
428
442
437
446
421
418
402
432
448
409
405
365
450
429
435
386
426
385
413
434
383
411
414
423
423
405
408
417
447
425
440
398
395
429
432
423
413
399
407
431
392
382
417
422
439
429
389
435
396
407
403
390
428
437
453
431
425
390
463
428
451
416
462
429
408
413
409
456
443
426
416
410
418
387
400
415
419
397
423
404
382
404
385
408
442
395
426
392
436
375
412
397
461
413
406
430
426
402
420
439
397
390
417
377
412
331
401
387
373
378
363
365
364
378
373
342
333
352
338
307
329
307
280
269
249
217
249
191
215
174
168
146
119
110
90
84
82
57
50
47
47
40
33
23
28
20
20
15
8
11
8
15
9
9
2
13
13
6
8
5
6
4
2
3
3
6
1
2
4
3
2
2
1
0
5
4
2
2
0
0
2
2
1
2
1
7
1
5
3
6
1
0
2
1
0
2
2
5
2
3
2
4
2
2
4
0
3
1
3
1
0
0
0
0
2
3
2
1
0
3
1
2
0
5
0
2
1
2
2
4
3
3
2
0
3
1
3
5
3
0
4
1
4
2
5
3
2
3
1
1
3
1
0
2
7
2
0
0
6
4
3
0
2
0
3
1
2
1
1
0
3
1
3
4
2
4
0
2
1
3
4
0
2
0
2
3
1
0
3
1
3
3
1
2
0
2
2
5
3
2
2
1
1
2
1
1
3
3
2
3
2
2
2
2
0
1
3
0
0
1
3
2
2
1
0
3
2
3
1
3
2
1
2
0
2
1
3
1
3
1
3
1
0
1
2
4
3
4
4
2
2
0
1
4
2
2
4
0
1
3
1
0
5
2
2
4
1
2
6
1
0
0
1
1
2
2
2
0
2
0
2
4
1
1
3
3
4
2
3
0
1
2
6
2
3
2
3
2
5
4
2
1
1
5
5
2
0
5
2
2
4
1
3
4
2
5
1
7
2
3
2
6
5
3
3
2
3
4
5
4
6
6
5
5
2
1
2
5
5
4
4
5
2
2
5
8
6
9
5
4
8
5
5
1
7
4
4
8
6
10
7
7
11
13
12
6
7
7
9
9
16
13
15
11
12
13
9
19
11
16
11
22
19
14
15
13
24
23
26
16
27
33
27
30
31
47
47
36
42
47
47
56
57
62
77
56
73
77
91
99
92
95
111
101
140
126
130
133
128
134
147
162
172
174
157
168
164
171
167
211
195
179
192
194
191
173
186
174
168
165
167
168
175
179
164
176
184
180
161
163
165
144
161
157
123
146
127
143
148
134
133
121
128
117
126
139
106
99
109
103
104
114
104
110
128
96
87
105
78
94
102
101
103
109
90
87
97
106
89
88
101
89
73
77
79
99
107
80
79
78
76
72
72
72
82
78
77
78
83
84
78
75
80
66
80
68
93
67
60
69
75
74
85
63
84
88
87
85
71
72
71
62
77
76
81
67
86
66
71
69
64
60
56
72
79
60
68
68
75
66
60
59
56
66
68
63
69
58
62
57
67
61
71
85
61
49
70
53
57
63
71
