0
0
0
0
0
0
0
0
0
0
0
0
0
0
0
0
0
0
0
0
0
0
0
0
0
0
0
0
0
0
0
0
0
0
0
0
0
0
0
0
0
0
0
0
0
0
0
0
0
0
0
0
0
0
0
0
0
0
0
0
0
0
0
0
0
0
0
0
0
0
0
0
0
0
0
0
0
0
0
0
0
0
0
0
0
0
0
0
0
0
0
0
0
0
0
0
0
2
8
15
15
16
19
12
20
16
27
11
23
16
12
19
18
12
17
17
15
14
21
17
17
14
18
6
9
13
16
17
16
23
16
9
14
13
7
10
9
15
18
19
14
11
11
17
16
15
18
22
15
23
19
17
22
21
24
26
13
16
22
13
27
21
21
23
21
31
30
32
24
34
38
33
36
46
43
44
40
45
39
37
50
53
45
43
60
55
47
56
51
48
50
50
55
40
66
56
43
37
60
47
46
47
50
44
38
47
49
48
39
44
32
37
38
42
43
47
28
42
39
44
37
39
38
42
52
37
45
44
45
56
55
55
48
44
49
50
62
58
66
61
57
55
51
63
61
58
57
58
70
58
72
71
69
75
54
64
58
64
69
73
70
67
74
71
88
64
72
85
86
72
87
76
84
96
88
77
86
119
108
106
99
110
113
132
147
133
167
161
178
194
185
235
233
260
263
285
312
325
317
365
368
325
398
393
335
391
369
371
355
386
337
355
314
301
308
270
251
252
201
206
188
176
189
154
159
145
130
132
117
118
102
93
112
95
74
76
74
69
58
65
52
52
54
45
35
44
42
44
35
29
45
37
22
30
23
24
30
19
18
20
22
11
15
18
19
17
14
21
18
9
17
12
16
11
15
15
14
14
11
8
13
9
11
13
7
8
10
7
4
3
8
7
4
8
8
7
12
4
3
7
9
8
11
6
6
5
11
8
8
5
3
9
10
5
7
11
5
7
7
6
6
6
5
9
5
5
4
6
4
6
5
7
4
8
1
6
2
3
4
5
7
3
1
4
1
6
2
1
8
6
6
1
1
4
5
2
0
4
3
4
1
1
2
3
1
2
2
3
1
5
1
3
4
3
1
2
4
3
1
4
0
1
0
2
2
1
3
1
4
4
2
4
4
3
3
3
2
1
2
5
1
1
4
2
2
2
2
3
1
1
2
0
2
3
4
3
2
0
2
0
0
1
2
2
1
1
2
1
1
2
0
1
1
1
2
2
1
1
3
0
0
1
0
2
1
0
0
0
0
1
1
1
2
4
0
0
1
2
0
2
0
1
2
0
0
0
0
3
1
0
0
2
3
2
1
0
1
1
0
0
0
0
1
0
4
0
0
1
0
1
1
1
2
2
0
0
1
0
1
0
1
0
0
1
2
0
0
1
1
1
0
0
0
0
0
2
1
0
1
0
0
0
0
0
1
0
0
0
0
0
1
0
0
1
0
1
1
0
0
1
0
0
0
0
1
0
0
0
0
2
0
0
0
0
1
1
1
0
1
1
2
0
0
1
0
0
0
2
0
0
0
0
0
0
0
1
0
1
0
0
0
0
0
1
0
0
1
1
0
1
0
1
0
0
0
1
0
0
0
0
0
0
1
0
1
0
1
1
0
0
0
0
0
1
1
1
0
1
0
1
0
0
0
0
0
0
0
0
0
0
0
0
0
0
1
0
0
0
0
0
1
0
0
0
0
0
0
0
1
0
1
0
0
0
0
1
0
0
0
0
0
0
1
0
0
1
0
0
0
0
0
0
0
0
1
0
0
0
0
0
0
0
0
0
0
0
0
0
0
0
1
1
1
1
0
1
0
0
0
0
0
0
0
0
0
0
0
0
0
0
0
1
0
0
0
1
0
0
0
1
0
0
1
0
0
0
0
0
0
0
0
0
0
0
0
0
0
0
0
0
1
0
0
1
0
0
0
0
0
0
0
1
0
0
0
1
0
0
0
0
0
0
0
0
0
1
0
0
0
0
0
0
0
0
0
0
0
0
0
1
0
0
0
0
0
0
0
1
0
0
0
0
0
0
0
1
0
0
0
0
0
1
1
0
0
0
0
0
0
0
0
0
0
0
1
0
0
0
0
0
0
0
0
1
0
0
0
0
0
0
0
0
0
0
0
0
1
0
0
0
0
0
0
0
0
0
0
0
1
0
0
0
0
0
0
0
0
0
1
0
0
0
0
0
0
0
0
0
0
0
0
0
0
0
0
0
0
0
0
0
0
0
0
0
0
0
0
0
0
0
0
0
0
0
0
0
0
0
0
0
0
0
0
0
0
0
0
0
0
0
1
0
0
0
0
0
0
0
0
0
0
0
0
0
