0
0
0
0
0
0
0
0
0
0
0
0
0
0
0
0
0
0
0
0
0
0
0
0
0
0
0
0
0
0
0
0
0
0
0
0
0
0
0
0
0
0
0
0
0
0
0
0
0
0
0
0
0
0
0
0
0
0
0
0
0
0
0
0
0
0
0
0
0
0
0
0
0
0
0
0
0
0
0
0
0
0
0
0
0
0
0
0
0
0
0
0
0
0
0
0
0
0
0
0
0
0
0
0
0
0
0
0
0
0
0
0
0
0
0
0
0
0
0
0
1
0
0
0
0
0
0
0
0
0
0
0
0
0
0
1
0
0
0
0
0
0
0
0
0
0
0
0
0
0
0
0
0
0
0
0
0
0
0
0
0
0
0
0
0
0
0
0
0
0
0
0
0
0
0
0
0
0
0
0
0
0
0
0
0
0
0
0
0
0
0
0
0
0
0
0
0
0
0
0
0
0
0
0
0
0
0
0
0
1
0
1
0
0
0
0
0
0
0
0
1
0
0
0
0
0
0
0
0
0
0
0
0
0
0
1
0
0
0
0
0
0
0
0
0
0
0
2
0
0
0
0
0
0
0
0
0
0
0
0
0
0
0
0
0
0
0
0
0
0
0
0
0
0
0
0
0
0
0
0
0
0
0
0
0
0
0
0
0
0
0
0
0
0
0
0
0
0
0
0
0
0
0
0
0
1
1
1
0
0
0
0
0
0
0
0
0
0
1
0
0
0
0
0
0
0
0
0
0
0
0
0
0
0
0
0
0
0
0
0
0
0
0
0
0
0
0
0
0
2
0
0
0
0
0
0
0
0
0
0
0
0
0
0
0
0
0
0
0
0
0
0
1
0
0
0
0
0
0
0
0
0
0
0
0
0
0
0
0
0
0
0
0
0
0
0
0
0
0
0
0
0
0
0
0
0
0
0
0
0
0
0
0
0
0
0
0
0
0
0
0
0
0
0
0
0
0
1
0
0
0
0
0
0
0
0
0
0
0
0
0
0
0
0
0
0
0
0
0
0
0
0
0
0
1
0
0
0
0
0
0
0
1
0
0
0
0
0
0
0
0
0
0
0
0
0
0
0
0
0
0
0
0
0
0
0
0
0
2
0
0
0
0
0
0
0
0
0
0
0
0
0
0
0
0
0
0
0
0
0
0
0
0
0
0
0
0
0
0
1
0
0
0
0
0
0
1
0
0
0
0
0
1
0
0
0
1
0
0
0
0
0
0
0
0
0
0
0
0
0
0
0
0
0
0
0
0
0
0
0
0
0
0
0
0
0
1
1
0
1
0
0
0
0
0
0
0
0
0
0
1
0
0
0
0
0
0
0
0
0
0
0
0
0
0
0
0
0
0
0
0
0
0
1
0
0
0
0
0
0
0
0
1
0
0
0
1
0
0
0
1
0
0
0
0
0
0
0
0
0
0
0
1
0
1
0
0
0
0
0
0
0
0
0
1
1
0
0
0
0
0
0
1
0
0
0
1
0
1
0
0
0
0
0
0
0
0
1
0
1
0
0
0
0
0
0
1
0
0
0
0
0
0
0
0
1
1
0
0
0
0
0
0
0
0
0
0
0
1
0
1
0
0
0
0
1
1
0
0
1
0
1
2
0
1
1
1
1
0
0
1
2
2
0
3
0
1
2
2
1
2
3
1
2
1
1
2
6
2
1
3
5
5
3
3
6
4
3
3
2
3
3
1
4
4
3
5
1
4
3
2
6
3
7
4
6
6
6
2
3
7
7
3
4
4
3
9
5
3
5
2
4
2
3
3
4
3
4
4
1
3
3
5
5
7
7
4
6
1
3
2
4
9
2
2
2
3
5
5
1
3
3
2
4
4
7
2
3
2
3
6
2
7
3
8
3
6
2
3
1
3
4
4
2
3
6
3
9
0
3
3
3
5
4
4
4
5
2
3
3
1
7
2
5
5
7
6
12
7
8
3
3
5
10
8
7
7
7
10
11
8
11
14
8
13
11
10
7
9
10
8
14
10
6
11
11
11
12
11
13
10
13
11
6
10
14
14
18
10
10
13
11
11
9
15
7
10
12
7
13
6
14
14
13
19
13
14
10
7
12
13
14
19
21
15
13
17
13
13
24
20
10
21
18
15
22
18
20
17
17
19
21
17
17
22
20
22
24
21
38
26
17
39
46
45
31
40
37
33
34
29
24
26
25
31
20
25
25
19
13
13
14
15
10
8
9
5
6
8
7
7
3
4
2
4
1
1
1
1
1
1
0
3
1
1
0
1
1
0
1
2
3
1
1
3
1
2
1
1
0
0
2
1
1
0
1
2
1
1
0
1
1
0
1
