0
0
0
0
0
0
0
0
0
0
0
0
0
0
0
0
0
0
0
0
0
0
0
0
0
0
0
0
0
0
0
0
0
0
0
0
0
0
0
0
0
0
0
0
0
0
0
1
0
0
0
0
1
0
0
0
1
0
0
0
0
0
0
0
1
2
0
0
1
1
2
1
0
2
1
0
1
1
0
0
3
2
0
1
3
6
151
1690
2101
2107
2190
2157
2243
2113
2248
2294
2205
2256
2267
2333
2280
2313
2225
2244
2252
2157
2247
2148
2171
2139
2082
2096
2172
1964
2043
2089
2084
2123
2059
2173
2097
2127
2108
2081
2165
2154
2111
2137
2197
2090
2143
2194
2215
2201
2259
2367
2354
2495
2586
2608
2722
2769
2800
2989
2996
3116
3148
3184
3164
3179
3107
3055
3014
2923
2713
2684
2671
2475
2355
2278
2137
2016
1922
1943
1812
1723
1603
1618
1525
1587
1538
1564
1405
1470
1426
1406
1453
1455
1401
1391
1450
1408
1446
1360
1434
1418
1481
1421
1441
1402
1421
1557
1586
1476
1590
1652
1699
1861
1910
2014
2012
2184
2176
2296
2319
2429
2513
2457
2560
2623
2711
2627
2726
2711
2612
2577
2693
2610
2556
2552
2376
2301
2121
2073
2060
1895
1802
1765
1654
1544
1476
1436
1361
1359
1339
1324
1314
1276
1260
1232
1166
1189
1167
1151
1118
1111
1164
1156
1099
1104
1099
1125
1140
1100
1111
1094
1134
1223
1048
1150
1142
1142
1063
1077
1158
1086
1152
1082
1162
1116
1067
1080
1112
1125
1082
1113
1105
1109
1062
1099
1002
1069
1117
1054
1027
1084
1024
1096
964
1027
1025
936
1065
1009
1032
1013
922
1024
1015
1012
999
937
984
959
1014
979
985
1037
971
993
971
957
953
958
1000
953
954
963
993
925
915
939
953
984
961
960
960
974
941
941
925
903
882
952
998
913
939
894
978
944
938
963
931
917
963
904
1007
978
1013
969
982
959
949
1000
963
1006
1044
1042
1002
972
1023
1028
1036
1020
992
992
1032
1029
1014
1011
1000
974
1002
988
989
977
1016
953
994
949
872
926
902
878
900
820
847
861
828
784
776
821
794
747
730
739
750
660
669
679
664
674
689
700
617
658
654
659
636
645
610
624
625
582
561
646
593
551
619
614
650
640
633
648
634
655
613
631
657
702
686
697
701
693
778
714
725
748
732
750
753
750
776
768
774
812
797
878
813
879
863
902
889
823
894
861
864
892
873
839
860
876
843
810
904
911
806
827
786
827
787
812
774
838
834
801
817
773
756
798
811
761
812
805
851
828
834
777
828
830
813
899
839
924
946
922
972
1017
1005
1076
1026
1118
1147
1111
1119
1247
1239
1246
1386
1365
1453
1417
1523
1503
1471
1595
1574
1622
1706
1659
1676
1740
1741
1711
1721
1768
1695
1780
1758
1770
1696
1713
1659
1678
1554
1616
1528
1553
1464
1442
1393
1404
1271
1278
1208
1180
1194
1099
1062
985
980
930
896
829
809
782
759
684
660
681
664
618
607
577
539
583
533
475
432
483
441
458
433
436
417
424
399
403
398
452
416
457
450
395
383
411
410
417
416
411
461
405
423
426
432
418
446
455
468
435
460
442
466
502
456
483
503
471
481
487
520
568
522
582
530
599
527
567
605
568
544
577
517
539
584
550
563
558
522
563
592
554
529
540
561
502
512
503
515
527
503
485
470
485
472
460
448
451
403
429
443
419
374
406
384
392
375
357
350
344
334
344
328
355
313
309
300
328
319
299
316
305
314
334
310
311
323
281
294
324
301
308
325
335
300
335
319
319
305
344
297
348
306
290
327
281
298
339
305
293
319
330
314
299
299
329
297
313
328
285
306
332
268
303
287
295
283
293
305
302
267
264
272
261
270
291
288
248
271
256
251
231
236
249
273
260
255
280
237
233
248
208
277
236
217
216
188
231
205
237
189
204
193
217
210
184
195
197
201
197
190
178
161
189
195
195
162
207
172
182
195
216
181
198
156
188
159
194
210
194
209
221
215
236
255
223
234
237
214
265
216
260
256
215
221
258
272
244
313
287
308
282
294
285
295
260
277
266
271
306
305
289
276
255
284
268
274
249
293
243
240
266
283
233
266
231
245
219
228
240
238
218
232
215
226
212
202
203
177
204
178
193
181
176
198
160
181
156
198
149
156
163
153
174
141
145
163
154
148
135
144
145
139
128
130
130
150
156
155
137
135
137
119
116
137
122
130
133
123
137
142
139
131
125
133
111
126
141
115
114
121
122
120
107
112
107
124
108
125
107
105
123
114
95
110
94
100
90
97
94
67
78
94
73
72
73
70
84
65
80
70
73
60
55
52
59
53
44
34
68
50
49
39
46
39
37
38
35
38
42
26
36
34
28
32
34
27
32
30
25
22
27
28
21
34
23
23
24
21
20
17
23
17
28
17
23
10
21
18
14
18
15
17
19
18
17
11
20
17
17
13
18
14
14
16
15
17
19
11
24
17
13
24
16
13
19
19
17
13
21
18
18
21
13
21
21
15
16
25
19
18
16
13
11
17
17
19
11
8
13
14
11
0
0
