7
6
2
4
3
7
6
6
7
5
7
5
15
1
4
5
3
4
4
10
7
3
7
6
6
6
8
12
10
4
3
9
8
11
9
5
8
8
11
8
9
15
10
11
13
18
17
26
45
42
52
80
57
68
82
80
77
81
92
91
100
87
96
95
98
115
109
119
116
138
143
129
124
119
123
124
119
157
137
132
140
127
145
145
188
1351
8970
15329
15995
16301
16327
16063
15865
16170
15863
15950
15667
15881
15708
15696
15779
15795
15720
15936
15934
16045
16079
16049
16277
16391
16729
16803
17011
17156
17537
17738
18417
18714
19103
19479
20058
20602
20799
21337
21709
22170
22391
22940
23441
23845
23570
23698
24043
24290
23822
23937
23562
23829
23622
23333
23034
22831
22261
22175
22013
21894
21451
21432
21104
20906
20422
20347
20232
19987
19411
19536
19182
19324
18882
18454
18729
18701
18281
18268
17896
17871
17742
17582
17405
17200
17108
17024
16738
16804
16825
16641
16507
16442
16320
16276
16278
16325
16120
16021
15803
16003
15446
15912
15695
15765
15617
15285
15285
15318
15087
15031
14956
14821
14896
14592
14311
14639
14422
14447
14281
14262
14256
14241
14104
14046
13965
13887
13817
13862
13841
13587
13592
13824
13690
13597
13390
13464
13345
13406
13545
13489
13508
13233
13241
13396
13327
12992
13143
13151
12987
12977
12925
13122
12827
12990
12969
12848
13146
12829
12798
12865
12805
12688
12837
12658
12685
12745
12583
12831
12705
12635
12631
12565
12778
12588
12648
12783
12148
12109
12630
12783
12630
12384
12326
12431
12374
12434
12467
12463
12387
12290
12257
12377
12009
12299
12357
12248
12228
12317
12326
12368
12280
12314
12335
12330
12110
12264
12136
12443
12203
12129
12392
12234
12187
12358
12063
12118
12026
12107
12058
12152
12108
12122
12098
12240
12129
11955
12260
12334
11906
12065
12087
12312
12200
12179
11928
12184
12296
11911
11943
12268
12042
11802
12063
12063
12193
12262
11824
11806
11867
11968
12243
12125
11831
11915
11897
12108
12075
11845
11959
12113
12190
12251
12193
12059
12061
12171
11951
11928
11968
11726
11973
11921
11898
11855
12050
11871
11942
11877
11935
12067
11878
12022
11921
12188
11995
12042
12031
12151
11992
11915
11977
12179
11927
11801
12006
12011
12146
12099
12046
12105
12184
12001
12148
12180
12063
11948
11902
12198
12118
12318
12030
12215
12152
12333
12365
12229
12162
12214
12179
12383
12172
12175
12362
12309
12205
12371
12276
12279
12473
12417
12234
12300
12535
12469
12469
12737
12394
12372
12539
12716
12644
12435
12525
12592
12463
12557
12616
12642
12501
12647
12653
12730
12716
12772
12564
12719
12648
12778
12817
13015
12806
12718
13008
13062
12872
12787
12829
13034
12842
12901
12859
13051
13264
13093
13018
12934
13111
12975
13092
13251
13041
13123
13130
13194
13231
13235
13303
13442
13406
13734
13320
13371
13343
13577
13614
13382
13359
13612
13658
13789
13612
13739
13545
13824
13716
13693
13700
13957
13812
13875
14026
14099
14038
14137
14102
14050
14238
14136
14348
14465
14240
14236
14321
14751
14171
14409
14657
14436
14650
14509
14957
14723
14666
14770
14774
15025
14889
15101
14924
15116
15008
14967
15066
15394
15306
15074
15285
15391
15543
15471
15426
15564
15447
15323
15598
15235
15639
15383
15692
15959
15506
15522
15695
15738
15837
15813
15724
16000
15878
15788
15739
16076
15881
15772
15882
15761
16239
15734
15718
15536
15645
15620
15416
15598
15388
15691
15348
15266
14918
15026
14942
15010
14681
14696
14623
14397
14199
14104
14056
13993
13823
13980
13639
13506
13374
13349
13195
12996
12895
12747
12676
12585
12404
12316
12162
12240
11835
11826
11561
11700
11505
11532
11211
11426
11182
11062
11144
10887
10837
10874
10855
10731
10808
10630
10326
10423
10497
10313
10420
10338
10431
10014
10265
10033
10281
10053
9873
10020
10020
10080
9930
9899
9896
10084
9816
9653
10056
9705
9758
9853
9717
9787
9729
9765
9638
9472
9738
9600
9462
9585
9269
9299
9546
9424
9396
9488
9296
9466
9251
9252
9268
9172
9147
9100
9214
9177
9129
8924
9148
8951
8970
8994
9101
9108
9014
9142
9341
9238
9412
9375
9688
9633
9989
10131
9966
9952
10460
10657
10728
10897
11228
11616
11946
12102
12531
13005
13143
13595
13891
14388
14823
15314
16060
16402
16601
16997
17338
18016
18465
19040
19401
20232
20179
20827
20904
21790
21920
21978
22786
22713
22850
23181
23580
23707
24178
24224
24157
24056
23967
23668
23948
23615
23612
23390
23201
22887
22487
22003
21586
21481
20990
20523
19927
19328
18915
18462
17601
17013
16533
15934
15269
14589
14023
13432
13007
12458
11778
11278
10924
10247
9839
9339
8868
8680
8348
7920
7619
7285
6987
6757
6344
6365
6101
6005
5835
5705
5630
5594
5602
5564
5658
5522
5653
5772
6056
6213
6254
6382
6680
6961
7168
7358
7758
7857
8251
8587
8983
9096
9532
10174
10188
10539
10994
11423
11608
12053
12565
12956
13301
13581
14045
14315
14881
14992
15364
15987
15944
16325
16566
16981
17151
17322
17432
17507
17578
17720
17786
17986
17930
17833
17894
17854
17489
17141
17370
17305
16985
16679
16628
16147
15775
15537
15308
15030
14679
14029
13754
13396
13084
12479
12275
11916
11433
10895
10538
10281
9464
9302
8868
8253
8031
7565
7100
6859
6482
6060
5716
5566
5110
4752
4433
4215
3966
3785
3557
3311
3115
2875
2667
2504
2336
2229
1989
1951
1815
1695
1603
1534
1439
1287
1268
1242
1107
1040
997
926
946
844
857
841
811
779
722
721
713
673
710
662
668
677
607
630
611
607
578
553
579
578
590
641
542
579
540
578
566
562
579
547
558
560
546
528
550
567
541
573
530
525
533
563
538
527
529
505
513
510
549
487
546
510
539
517
573
469
504
549
512
499
525
468
502
513
499
492
482
520
535
484
487
493
483
496
514
484
521
523
499
465
492
472
496
516
505
510
496
473
472
495
537
500
442
474
484
493
460
474
453
436
454
460
450
450
477
449
415
474
462
472
447
460
396
447
435
491
439
447
5
6
