0
0
0
0
0
0
0
0
0
0
0
0
0
0
0
0
0
0
0
0
0
0
0
0
0
0
0
0
0
0
0
0
0
0
0
0
0
0
0
0
0
0
0
0
0
0
0
0
0
0
0
0
0
0
0
0
0
0
0
0
0
0
0
0
0
0
0
0
0
0
0
0
0
0
0
0
0
0
0
0
0
0
1
0
0
2
42
272
349
332
301
339
320
328
306
313
301
323
252
239
298
299
257
278
232
231
259
230
266
243
224
252
247
221
223
219
239
238
234
218
215
205
198
207
190
202
199
211
190
207
193
173
193
192
186
219
201
168
175
173
177
175
171
177
174
177
147
175
152
163
150
158
149
158
135
138
135
117
127
127
135
137
121
129
138
128
126
114
101
117
117
112
114
113
114
99
101
99
107
118
99
106
97
89
87
118
111
83
84
90
92
93
72
85
84
91
89
82
95
92
79
83
95
83
89
78
82
80
90
75
77
62
70
74
84
64
60
70
68
68
80
77
71
72
55
66
54
47
52
70
68
63
62
52
48
64
49
63
54
66
48
49
51
50
45
39
49
42
57
45
49
41
55
57
54
47
44
38
49
48
47
41
47
49
53
50
43
41
43
44
46
31
44
37
44
43
30
36
38
47
35
40
49
35
34
42
36
44
41
39
47
36
41
38
31
31
41
42
24
35
47
36
30
30
32
39
39
39
37
42
41
23
26
35
29
29
37
36
45
35
30
38
38
32
24
29
25
38
42
40
31
41
37
34
29
26
31
27
17
29
32
31
25
36
37
23
34
35
20
33
35
19
37
21
38
38
26
19
36
26
24
30
34
34
18
28
33
28
27
32
28
28
23
23
24
28
32
28
33
17
33
21
19
20
26
26
20
21
19
22
20
21
25
21
29
27
14
19
26
19
22
29
14
19
20
21
17
12
21
24
22
15
19
20
20
16
17
23
16
15
15
18
22
20
18
22
16
24
15
18
20
17
20
18
16
17
20
27
13
15
17
15
17
20
20
20
11
20
12
12
20
13
14
14
21
10
21
17
12
11
11
15
15
21
10
18
14
12
8
17
13
12
19
18
18
15
19
14
17
15
13
15
14
16
22
11
15
10
18
21
20
13
12
23
19
14
15
13
18
12
11
19
12
13
8
8
13
14
14
8
12
13
15
12
16
1
9
18
10
12
20
14
12
13
10
14
18
7
13
10
6
17
11
9
10
9
13
18
11
6
11
6
7
18
9
12
9
6
7
13
14
5
13
16
10
8
10
14
12
12
11
13
11
9
12
14
12
14
10
11
7
15
20
10
5
10
13
6
12
12
15
9
12
16
8
17
17
11
11
7
10
14
10
12
8
11
10
18
13
14
11
13
11
11
12
9
6
11
10
9
8
3
16
13
14
10
11
13
5
12
7
9
7
14
8
5
10
13
9
13
7
15
4
5
6
7
4
6
14
11
10
10
5
10
7
6
6
9
10
6
7
9
5
8
13
4
15
5
11
8
12
10
5
11
6
6
8
10
14
7
10
12
6
5
9
5
8
6
12
10
9
7
6
15
6
9
7
6
12
6
5
10
7
7
10
8
14
7
8
9
12
7
6
11
10
7
8
3
8
8
8
5
9
6
7
6
8
4
7
12
5
9
7
9
9
6
8
9
13
4
4
14
10
5
6
7
10
8
7
10
4
11
4
8
7
10
6
7
10
6
5
9
4
5
13
5
4
3
4
4
3
5
2
6
4
12
7
4
5
5
5
3
5
6
5
11
4
5
5
6
6
5
2
4
5
3
3
2
3
6
7
5
3
5
12
6
7
7
4
7
9
6
3
4
5
1
2
3
3
5
5
2
3
5
0
5
9
2
4
5
2
3
6
4
1
3
8
3
3
6
3
6
2
2
3
3
5
2
2
4
4
6
5
0
6
3
3
2
6
3
6
3
5
2
7
4
3
6
9
8
2
6
8
5
6
8
4
6
3
4
5
5
4
12
5
4
8
8
5
11
5
13
6
8
4
5
9
8
7
7
10
8
4
9
1
13
9
9
7
10
8
7
6
13
6
2
9
8
3
8
8
6
8
8
5
9
9
13
7
7
8
11
10
8
21
10
7
14
4
7
8
7
10
9
8
8
11
6
7
5
5
6
5
9
6
9
2
6
6
2
8
7
3
5
6
6
2
4
4
2
4
3
4
4
4
4
1
1
2
3
3
5
2
1
1
0
2
2
3
1
5
3
0
3
2
5
5
3
3
3
3
2
1
2
2
4
1
0
1
3
1
3
2
2
1
1
2
2
3
1
0
1
2
1
1
2
1
2
1
3
0
1
0
0
