0
0
0
0
0
0
0
0
0
0
0
0
0
0
0
0
0
0
0
0
0
0
0
1
0
0
0
1
0
0
0
1
1
1
2
0
0
0
1
0
0
0
2
0
1
1
2
6
5
11
17
16
15
16
18
18
12
14
16
18
25
23
24
27
26
21
28
38
35
27
25
29
40
34
44
27
33
37
31
35
46
28
43
41
53
83
1116
11461
14733
15203
15172
15168
15333
15544
15270
15439
15737
15912
16066
16459
16853
17422
17890
18363
19025
19351
19854
20081
20350
21063
21275
21581
21766
21996
22100
21798
22029
21914
21595
20898
21131
20805
20489
20037
19931
19762
19117
18856
18953
18571
18299
18002
18036
17419
17298
17379
16880
16801
16786
16671
16002
16199
15868
15600
15730
15467
15477
15197
15328
15189
14781
14452
14507
14569
14496
14150
14193
14132
14142
13819
13711
13870
13564
13774
13864
13794
13506
13304
13420
13504
13280
13280
13338
13401
13141
13249
13021
13006
13200
13054
13137
12921
12736
12780
12607
12853
12599
12530
12411
12504
12389
12451
12299
12177
12319
12044
12330
12263
12083
12077
12124
12226
12377
11967
11890
12064
11983
11899
11963
11990
12203
11821
12157
11942
11968
11900
11687
11949
11921
11862
12006
11830
11875
12163
12015
12049
11923
11975
11846
12277
11851
11933
12125
12063
12185
12172
12123
12334
12150
12157
12302
12178
12400
12209
12417
12458
12642
12312
12516
12674
12411
12696
12646
12703
12657
12413
12873
12830
12781
12752
12797
12828
12808
13150
12519
12768
12807
12926
13022
12949
12577
12616
12511
12511
12108
12108
11769
11860
11279
11231
10982
10850
10407
10020
9870
9475
9542
9051
8804
8535
8160
7765
7635
7270
6856
6608
6230
6117
5849
5702
5432
5158
4968
4632
4680
4454
4293
4108
3895
3791
3671
3632
3441
3386
3262
3197
3059
2952
2847
2799
2717
2643
2431
2550
2479
2356
2361
2259
2215
2142
2128
2049
1989
1951
1848
1912
1894
1790
1868
1732
1743
1793
1790
1706
1723
1641
1615
1717
1688
1565
1686
1649
1661
1728
1598
1628
1713
1854
1726
1750
1739
1844
1964
1868
2024
2115
2194
2364
2458
2600
2840
2930
3135
3358
3745
3928
4390
4778
5292
5711
6416
6724
7695
8584
9368
10226
11193
12405
13734
15083
16151
17613
19178
20934
22733
24616
25992
28405
29858
31888
33900
35785
37814
39590
41646
43626
45044
46761
48092
49740
50847
51774
52486
53352
53643
53980
54338
54539
53476
53102
52600
52154
49822
48567
47426
45973
43995
42474
40009
38082
35898
33867
31914
29738
27566
25368
23667
21610
19789
18071
16010
14519
13000
11743
10460
9357
7998
7230
6307
5496
4777
4196
3577
3082
2623
2361
1950
1658
1399
1277
969
887
766
600
522
433
360
344
288
268
209
222
208
178
178
160
133
131
145
128
125
140
116
122
135
121
104
120
114
122
110
126
111
108
108
123
97
132
115
123
89
109
108
108
103
104
102
119
101
97
127
110
84
104
105
107
110
88
85
87
92
109
100
101
104
100
113
94
92
116
119
74
98
91
104
90
90
85
98
100
90
88
83
97
95
93
86
91
91
80
78
90
79
111
78
95
77
92
80
93
94
89
71
67
70
96
82
62
85
68
87
72
75
65
77
87
75
70
73
73
73
75
70
81
78
68
75
76
77
71
70
63
59
60
70
70
63
70
87
67
65
54
57
53
72
57
51
69
65
61
68
54
62
53
54
50
51
67
53
69
62
73
55
60
31
43
49
56
64
60
48
62
46
62
52
54
45
51
47
54
55
54
43
54
41
47
53
48
49
45
39
57
40
52
47
48
48
54
39
38
40
32
50
48
47
51
37
47
50
37
43
52
44
54
50
50
42
28
42
39
41
37
48
40
27
53
31
50
36
38
37
39
48
42
38
48
31
23
30
31
45
31
40
25
40
29
34
51
26
31
35
28
24
31
42
30
35
26
22
38
31
26
29
27
32
36
22
23
25
26
33
22
18
23
32
22
32
36
23
27
21
26
17
19
26
22
19
26
22
18
19
19
13
22
24
17
17
18
22
21
18
20
16
22
20
17
18
21
22
22
20
20
15
17
21
18
19
31
14
26
15
21
22
28
17
15
23
21
30
30
20
30
21
23
29
19
25
25
20
24
23
22
26
25
17
26
20
28
29
25
18
25
22
17
21
27
25
33
21
25
25
27
32
19
26
33
25
28
37
21
27
25
26
28
32
27
32
28
26
30
21
30
33
24
26
29
30
19
22
23
21
24
28
19
20
28
13
20
16
27
19
24
24
19
12
23
15
12
17
14
15
21
15
13
8
10
8
12
12
8
6
11
6
9
8
13
9
11
5
10
8
10
9
7
5
5
8
7
7
9
8
13
9
8
10
9
7
7
6
7
12
8
11
2
9
9
5
7
10
6
5
9
11
2
8
3
7
12
6
9
6
6
9
5
15
11
7
6
11
5
10
3
6
9
6
1
2
9
4
2
7
1
6
7
2
3
5
2
3
4
6
3
2
6
6
3
5
2
5
6
2
3
2
1
1
3
1
2
1
0
3
2
2
5
2
1
3
1
1
2
1
1
0
1
1
2
1
1
2
3
3
2
1
2
2
2
3
4
1
2
1
0
2
1
1
2
2
1
2
1
0
0
0
0
