3
4
3
2
1
5
1
1
3
2
5
5
9
8
3
1
7
3
3
6
3
4
4
3
5
5
6
3
7
4
7
7
2
7
6
7
10
10
8
6
3
12
7
12
13
6
12
26
33
39
55
59
67
74
78
65
64
81
62
89
76
95
95
99
115
99
104
105
113
106
127
119
107
121
139
139
131
111
122
129
143
155
142
149
173
213
2280
15378
18787
19482
19503
19515
19401
19539
19485
19507
19454
19394
19668
19880
19896
19916
20347
20419
20936
21321
21399
21870
21949
22414
22630
23023
23334
23604
23876
24398
24349
24986
24799
24947
24890
25509
25400
25621
25997
26253
26263
26355
26609
26566
26590
26442
26918
26848
26409
26167
26273
25880
26031
25762
25353
25265
25239
24667
24459
24114
23871
23617
22987
23379
22766
22524
22479
22375
21876
21606
21438
21372
21200
21013
20695
21027
20732
20291
20278
20139
19860
19680
19642
19906
19520
19687
19564
19563
19044
19244
18943
18978
18862
18634
18857
18809
18353
18350
18135
18442
18067
18042
17768
17889
17926
17798
17538
17500
17258
17460
17339
17550
16972
17130
17241
17025
17144
16798
16813
16673
16640
16367
16639
16530
16393
16536
16375
16476
16260
15985
16321
16093
16173
15892
16057
15979
15900
16049
15899
16040
16000
15825
16167
16049
15663
15745
15628
15798
15850
15885
15711
15714
15547
15769
15783
15949
15699
15697
15784
15818
15649
15469
15603
15951
15622
15743
15853
15486
15640
15890
15749
15865
15756
15780
15778
15933
15878
15621
15672
15962
15559
15926
15784
15611
15514
15861
15452
15700
15443
15226
15352
15293
15144
15160
14854
14994
14662
14377
14472
14447
14025
13900
13662
13527
13244
13370
13066
13068
12814
12414
12489
12393
12148
12033
11668
11811
11420
11171
11323
11323
10914
10881
10722
10847
10559
10589
10480
10406
10440
10163
10349
10332
10210
10030
10060
10031
10035
10011
9861
9909
9785
9775
9744
9618
9543
9626
9544
9630
9493
9576
9475
9595
9388
9545
9386
9374
9300
9264
9441
9336
9387
9328
9254
9608
9167
9417
9219
9315
9171
9378
9125
9301
9468
9177
9365
9428
9522
9280
9536
9614
9489
9477
9600
9745
9844
9752
9873
9964
10003
10077
10179
10547
10730
10931
10861
11306
11574
11852
12163
12763
13006
13584
14050
14700
14994
15718
16580
17432
17986
18931
19489
20729
21720
22333
23894
24741
25683
26611
27767
29393
30128
30997
31914
33127
34099
34729
35724
36469
37126
37002
37967
38060
38180
39155
38167
38908
37990
37315
36769
36303
36075
34861
33928
33137
31961
30975
29579
28953
27444
26498
25265
24306
22989
21669
20739
19943
18825
17659
16997
16023
15239
14359
13728
13383
12774
12211
11555
11082
10721
10544
10118
10004
9986
9609
9468
9206
9237
9054
8984
9003
8830
8872
8767
8616
8781
8696
8721
8733
8807
8788
8671
8845
8696
8676
8952
8742
8965
8840
8947
9080
8990
9075
9140
9119
9185
9102
9336
9245
8997
9330
9207
9405
9532
9496
9802
9716
9584
9772
9776
10130
10296
10248
10230
10566
10418
10485
10636
10794
10930
10868
11163
10882
11127
11155
11125
11461
11666
11527
11782
11704
11620
12017
11927
11976
11989
12143
12046
11934
11844
11667
11852
11788
11894
11764
11755
11674
11462
11628
11484
11520
11434
11502
11411
11320
11287
10961
11263
11270
11025
10947
10879
10857
10695
10741
10742
10662
10604
10679
10551
10615
10522
10454
10465
10509
10320
10352
10420
10266
10342
10209
10059
10392
10129
10084
10122
9888
9729
9806
9693
9839
9665
9655
9413
9387
9367
9255
9231
9173
9049
8986
8931
8896
8670
8582
8455
8529
8417
8321
8222
8279
8021
7907
7702
7845
7829
7706
7679
7604
7597
7555
7226
7330
7259
7246
7171
7073
7001
6987
7027
6993
6859
6822
6832
6788
6629
6632
6616
6799
6736
6460
6640
6630
6613
6572
6589
6469
6591
6344
6567
6423
6370
6319
6418
6316
6465
6307
6472
6388
6190
6264
6269
6266
6244
6299
6048
6247
6185
6291
6215
6054
6242
6196
6126
6217
6066
6156
6029
5996
6025
5943
5999
5945
5904
5825
5745
5822
5715
5806
5879
5787
5799
5843
5791
5827
5852
5847
5800
5836
6014
5933
5906
6125
6159
6215
6296
6481
6533
6542
6731
6913
6973
7273
7324
7529
7753
7949
8063
8661
8867
8971
9439
9832
10058
10331
10451
11000
11085
11508
11850
12367
12450
12824
13073
13391
13795
14185
14323
14865
14810
15185
15246
15712
15727
15651
15919
16115
16243
15945
16221
16278
16320
16080
15741
15546
15273
15272
14798
14622
14544
14232
13755
13615
13237
12692
12548
11994
11668
11330
10690
10312
9879
9555
9141
8756
8568
7944
7763
7213
6756
6564
6114
6024
5705
5365
5076
4777
4596
4336
4196
4014
3802
3809
3609
3561
3343
3251
3240
3313
3165
3173
3207
3248
3214
3372
3441
3441
3477
3716
3867
3946
4142
4190
4314
4446
4788
4813
5195
5469
5577
5885
6024
6339
6677
6835
7134
7447
7540
7928
8122
8599
8684
9160
9438
9619
9899
9824
10287
10454
10525
10791
11066
11437
11305
11500
11578
11754
11692
11890
11983
12005
11804
11701
11692
11947
11616
11820
11653
11593
11223
11028
11126
10837
10747
10443
10179
10060
9656
9419
9143
8926
8295
8172
7889
7618
7313
6963
6811
6510
6055
5797
5436
5114
4936
4815
4550
4251
4084
3776
3456
3466
3107
2967
2767
2652
2424
2259
2005
2051
1876
1737
1567
1497
1390
1285
1230
1217
1066
1023
924
920
822
692
750
771
672
641
613
648
566
539
492
484
529
452
483
484
430
435
442
420
442
399
380
413
415
390
411
406
368
368
374
399
417
403
395
399
362
384
328
371
381
391
405
353
393
385
356
359
334
335
333
370
354
393
347
330
331
374
349
341
326
348
368
312
367
331
306
332
381
342
340
333
298
349
294
343
325
335
333
306
335
339
303
321
326
309
348
322
306
278
325
270
301
319
300
321
304
320
295
322
290
298
297
309
330
293
305
318
288
316
286
305
311
288
280
291
0
4
