pt range	chiso range	DataNumber	FakeNumber	TrueNumber	fitFake_number	fitTrue_number	closureFake_test	closureTrue_test
#######################################################################################
25 <pt<30 	3<chiso range<8 	193.265	113.836	79.4284	131.403	58.8171	1.06593	1.45431
25 <pt<30 	3<chiso range<9 	193.265	113.836	79.4284	132.846	57.3574	1.13876	1.54063
25 <pt<30 	3<chiso range<10 	193.265	113.836	79.4284	131.423	58.7976	1.06229	1.44679
25 <pt<30 	3<chiso range<11 	193.265	113.836	79.4284	128.413	61.8387	0.895619	1.24416
25 <pt<30 	3<chiso range<12 	193.265	113.836	79.4284	127.36	62.9008	0.837114	1.1746
25 <pt<30 	3<chiso range<13 	193.265	113.836	79.4284	127.042	63.221	0.818586	1.15221
25 <pt<30 	4<chiso range<9 	193.265	113.836	79.4284	135.86	54.464	1.29561	1.72497
25 <pt<30 	4<chiso range<10 	193.265	113.836	79.4284	133.556	56.6383	1.17659	1.58735
25 <pt<30 	4<chiso range<11 	193.265	113.836	79.4284	129.8	60.4379	0.972786	1.33739
25 <pt<30 	4<chiso range<12 	193.265	113.836	79.4284	128.454	61.7973	0.899033	1.24899
25 <pt<30 	4<chiso range<13 	193.265	113.836	79.4284	127.994	62.2613	0.872647	1.21696
25 <pt<30 	5<chiso range<10 	193.265	113.836	79.4284	130.526	59.7046	1.0143	1.3888
25 <pt<30 	5<chiso range<11 	193.265	113.836	79.4284	126.604	63.6624	0.793379	1.12205
25 <pt<30 	5<chiso range<12 	193.265	113.836	79.4284	125.496	64.7788	0.730494	1.04814
25 <pt<30 	5<chiso range<13 	193.265	113.836	79.4284	125.262	65.0143	0.716301	1.03098
25 <pt<30 	6<chiso range<11 	193.265	113.836	79.4284	124.344	65.9388	0.661596	0.965854
25 <pt<30 	6<chiso range<12 	193.265	113.836	79.4284	123.393	66.8948	0.606489	0.902321
25 <pt<30 	6<chiso range<13 	193.265	113.836	79.4284	123.351	66.9375	0.603361	0.898167
25 <pt<30 	7<chiso range<12 	193.265	113.836	79.4284	123.145	67.1446	0.589629	0.881064
25 <pt<30 	7<chiso range<13 	193.265	113.836	79.4284	123.146	67.1434	0.589155	0.880128
25 <pt<30 	8<chiso range<13 	193.265	113.836	79.4284	121.524	68.7734	0.489819	0.76375
#######################################################################################
30 <pt<35 	3<chiso range<8 	106.076	54.3706	51.7052	55.9789	48.2113	0.147617	0.331273
30 <pt<35 	3<chiso range<9 	106.076	54.3706	51.7052	54.8569	49.3275	0.0454418	0.227549
30 <pt<35 	3<chiso range<10 	106.076	54.3706	51.7052	53.7052	50.4247	0.0635858	0.124162
30 <pt<35 	3<chiso range<11 	106.076	54.3706	51.7052	53.8262	50.2959	0.0519168	0.136516
30 <pt<35 	3<chiso range<12 	106.076	54.3706	51.7052	53.236	50.9188	0.109292	0.0765487
30 <pt<35 	3<chiso range<13 	106.076	54.3706	51.7052	52.7026	51.4701	0.162173	0.0229879
30 <pt<35 	4<chiso range<9 	106.076	54.3706	51.7052	51.5399	52.6343	0.280648	0.0916344
30 <pt<35 	4<chiso range<10 	106.076	54.3706	51.7052	50.7383	53.4068	0.366568	0.169477
30 <pt<35 	4<chiso range<11 	106.076	54.3706	51.7052	51.3972	52.7735	0.296418	0.105793
30 <pt<35 	4<chiso range<12 	106.076	54.3706	51.7052	50.9353	53.2193	0.345242	0.150471
30 <pt<35 	4<chiso range<13 	106.076	54.3706	51.7052	50.5005	53.6314	0.392029	0.192107
30 <pt<35 	5<chiso range<10 	106.076	54.3706	51.7052	51.5328	52.6413	0.28079	0.0921358
30 <pt<35 	5<chiso range<11 	106.076	54.3706	51.7052	52.201	51.9787	0.21229	0.026789
30 <pt<35 	5<chiso range<12 	106.076	54.3706	51.7052	51.5591	52.6155	0.278331	0.0896644
30 <pt<35 	5<chiso range<13 	106.076	54.3706	51.7052	50.9955	53.1618	0.337707	0.144219
30 <pt<35 	6<chiso range<11 	106.076	54.3706	51.7052	51.2842	52.8833	0.308689	0.116917
30 <pt<35 	6<chiso range<12 	106.076	54.3706	51.7052	50.6667	53.4746	0.374393	0.176384
30 <pt<35 	6<chiso range<13 	106.076	54.3706	51.7052	50.1628	54.0182	0.429239	0.231449
30 <pt<35 	7<chiso range<12 	106.076	54.3706	51.7052	49.523	54.6594	0.500988	0.29742
30 <pt<35 	7<chiso range<13 	106.076	54.3706	51.7052	49.0575	55.1261	0.553905	0.345634
30 <pt<35 	8<chiso range<13 	106.076	54.3706	51.7052	48.9441	55.2397	0.566426	0.357118
#######################################################################################
35 <pt<40 	3<chiso range<8 	66.5968	30.5852	36.0116	32.642	33.4404	0.262005	0.325504
35 <pt<40 	3<chiso range<9 	66.5968	30.5852	36.0116	31.6748	34.4136	0.142684	0.204667
35 <pt<40 	3<chiso range<10 	66.5968	30.5852	36.0116	32.792	33.2934	0.280185	0.343778
35 <pt<40 	3<chiso range<11 	66.5968	30.5852	36.0116	33.5111	32.5695	0.36365	0.430809
35 <pt<40 	3<chiso range<12 	66.5968	30.5852	36.0116	33.5444	32.5351	0.370137	0.438158
35 <pt<40 	3<chiso range<13 	66.5968	30.5852	36.0116	33.2689	32.8169	0.339285	0.405294
35 <pt<40 	4<chiso range<9 	66.5968	30.5852	36.0116	31.1486	34.9409	0.074633	0.137478
35 <pt<40 	4<chiso range<10 	66.5968	30.5852	36.0116	32.5009	33.5774	0.24449	0.308065
35 <pt<40 	4<chiso range<11 	66.5968	30.5852	36.0116	33.3703	32.7138	0.346461	0.412249
35 <pt<40 	4<chiso range<12 	66.5968	30.5852	36.0116	33.4464	32.6359	0.358326	0.425354
35 <pt<40 	4<chiso range<13 	66.5968	30.5852	36.0116	33.1415	32.9456	0.324078	0.389285
35 <pt<40 	5<chiso range<10 	66.5968	30.5852	36.0116	31.8307	34.2118	0.161429	0.228871
35 <pt<40 	5<chiso range<11 	66.5968	30.5852	36.0116	33.0011	33.0863	0.302556	0.366116
35 <pt<40 	5<chiso range<12 	66.5968	30.5852	36.0116	33.1302	32.9569	0.3211	0.38592
35 <pt<40 	5<chiso range<13 	66.5968	30.5852	36.0116	32.8305	33.2555	0.287045	0.351173
35 <pt<40 	6<chiso range<11 	66.5968	30.5852	36.0116	33.5044	32.5764	0.361496	0.428313
35 <pt<40 	6<chiso range<12 	66.5968	30.5852	36.0116	33.5013	32.5795	0.365589	0.433291
35 <pt<40 	6<chiso range<13 	66.5968	30.5852	36.0116	33.1155	32.9717	0.322113	0.38742
35 <pt<40 	7<chiso range<12 	66.5968	30.5852	36.0116	33.9563	32.1045	0.417577	0.490635
35 <pt<40 	7<chiso range<13 	66.5968	30.5852	36.0116	33.4125	32.6706	0.357334	0.424675
35 <pt<40 	8<chiso range<13 	66.5968	30.5852	36.0116	33.5963	32.4812	0.380581	0.450064
#######################################################################################
40 <pt<50 	3<chiso range<8 	70.0729	23.6561	46.4167	31.5438	38.5236	0.861105	0.829078
40 <pt<50 	3<chiso range<9 	70.0729	23.6561	46.4167	31.0313	39.0412	0.820216	0.783571
40 <pt<50 	3<chiso range<10 	70.0729	23.6561	46.4167	30.4529	39.5961	0.77137	0.733977
40 <pt<50 	3<chiso range<11 	70.0729	23.6561	46.4167	29.5182	40.5304	0.687524	0.64538
40 <pt<50 	3<chiso range<12 	70.0729	23.6561	46.4167	27.8169	42.2318	0.514767	0.470392
40 <pt<50 	3<chiso range<13 	70.0729	23.6561	46.4167	28.5452	41.5027	0.589895	0.545961
40 <pt<50 	4<chiso range<9 	70.0729	23.6561	46.4167	31.4133	38.6548	0.859769	0.825557
40 <pt<50 	4<chiso range<10 	70.0729	23.6561	46.4167	30.6068	39.4423	0.790659	0.753347
40 <pt<50 	4<chiso range<11 	70.0729	23.6561	46.4167	29.4427	40.6057	0.684737	0.641519
40 <pt<50 	4<chiso range<12 	70.0729	23.6561	46.4167	27.4992	42.5492	0.483115	0.438703
40 <pt<50 	4<chiso range<13 	70.0729	23.6561	46.4167	28.3549	41.6929	0.573191	0.528535
40 <pt<50 	5<chiso range<10 	70.0729	23.6561	46.4167	30.3447	39.7043	0.758962	0.72137
40 <pt<50 	5<chiso range<11 	70.0729	23.6561	46.4167	28.9736	41.0746	0.633928	0.590377
40 <pt<50 	5<chiso range<12 	70.0729	23.6561	46.4167	26.8485	43.1991	0.407812	0.366746
40 <pt<50 	5<chiso range<13 	70.0729	23.6561	46.4167	27.8068	42.2419	0.512361	0.468335
40 <pt<50 	6<chiso range<11 	70.0729	23.6561	46.4167	28.2565	41.7912	0.565851	0.520531
40 <pt<50 	6<chiso range<12 	70.0729	23.6561	46.4167	26.0341	44.0115	0.314636	0.278846
40 <pt<50 	6<chiso range<13 	70.0729	23.6561	46.4167	27.1971	42.851	0.448679	0.405544
40 <pt<50 	7<chiso range<12 	70.0729	23.6561	46.4167	23.9718	46.0606	0.0449951	0.0424148
40 <pt<50 	7<chiso range<13 	70.0729	23.6561	46.4167	25.5425	44.5015	0.252753	0.222754
40 <pt<50 	8<chiso range<13 	70.0729	23.6561	46.4167	25.0156	45.0252	0.187287	0.164056
#######################################################################################
50 <pt<65 	3<chiso range<8 	51.5677	14.5067	37.061	13.1653	38.0215	0.243618	0.131
50 <pt<65 	3<chiso range<9 	51.5677	14.5067	37.061	13.7761	37.345	0.125352	0.0379475
50 <pt<65 	3<chiso range<10 	51.5677	14.5067	37.061	13.7361	37.3797	0.13387	0.0428722
50 <pt<65 	3<chiso range<11 	51.5677	14.5067	37.061	12.7984	38.3881	0.318754	0.182514
50 <pt<65 	3<chiso range<12 	51.5677	14.5067	37.061	12.4817	38.6752	0.391207	0.224988
50 <pt<65 	3<chiso range<13 	51.5677	14.5067	37.061	12.7561	38.4034	0.333668	0.186693
50 <pt<65 	4<chiso range<9 	51.5677	14.5067	37.061	13.3925	37.7211	0.19171	0.0878333
50 <pt<65 	4<chiso range<10 	51.5677	14.5067	37.061	13.5203	37.5913	0.17144	0.0711187
50 <pt<65 	4<chiso range<11 	51.5677	14.5067	37.061	12.4625	38.7033	0.387456	0.226574
50 <pt<65 	4<chiso range<12 	51.5677	14.5067	37.061	12.1768	38.9756	0.45825	0.267859
50 <pt<65 	4<chiso range<13 	51.5677	14.5067	37.061	12.5393	38.6169	0.379883	0.217026
50 <pt<65 	5<chiso range<10 	51.5677	14.5067	37.061	14.8575	36.2945	0.0572695	0.100988
50 <pt<65 	5<chiso range<11 	51.5677	14.5067	37.061	13.1555	38.0312	0.248513	0.133209
50 <pt<65 	5<chiso range<12 	51.5677	14.5067	37.061	12.6257	38.5289	0.363686	0.205204
50 <pt<65 	5<chiso range<13 	51.5677	14.5067	37.061	12.9186	38.2387	0.302455	0.16419
50 <pt<65 	6<chiso range<11 	51.5677	14.5067	37.061	13.5903	37.5965	0.164852	0.0731684
50 <pt<65 	6<chiso range<12 	51.5677	14.5067	37.061	12.8234	38.3315	0.323401	0.177644
50 <pt<65 	6<chiso range<13 	51.5677	14.5067	37.061	13.1207	38.0659	0.262173	0.139965
50 <pt<65 	7<chiso range<12 	51.5677	14.5067	37.061	12.504	38.6462	0.393431	0.222924
50 <pt<65 	7<chiso range<13 	51.5677	14.5067	37.061	12.899	38.2565	0.308827	0.167361
50 <pt<65 	8<chiso range<13 	51.5677	14.5067	37.061	12.2056	38.9301	0.465068	0.265197
#######################################################################################
65 <pt<100 	3<chiso range<8 	41.8835	10.0398	31.8437	9.94454	32.0084	0.0219305	0.0261867
65 <pt<100 	3<chiso range<9 	41.8835	10.0398	31.8437	9.99537	31.923	0.0101268	0.0125822
65 <pt<100 	3<chiso range<10 	41.8835	10.0398	31.8437	9.99125	31.9278	0.0110284	0.0133214
65 <pt<100 	3<chiso range<11 	41.8835	10.0398	31.8437	10.0683	31.8565	0.00636365	0.00201417
65 <pt<100 	3<chiso range<12 	41.8835	10.0398	31.8437	9.26481	32.6879	0.187058	0.134992
65 <pt<100 	3<chiso range<13 	41.8835	10.0398	31.8437	9.33333	32.6184	0.169801	0.123855
65 <pt<100 	4<chiso range<9 	41.8835	10.0398	31.8437	10.1286	31.7952	0.0199397	0.00766234
65 <pt<100 	4<chiso range<10 	41.8835	10.0398	31.8437	10.1031	31.8208	0.0141856	0.0036125
65 <pt<100 	4<chiso range<11 	41.8835	10.0398	31.8437	10.1653	31.7637	0.0276438	0.0125308
65 <pt<100 	4<chiso range<12 	41.8835	10.0398	31.8437	9.23901	32.7137	0.193046	0.138968
65 <pt<100 	4<chiso range<13 	41.8835	10.0398	31.8437	9.31923	32.633	0.172928	0.126066
65 <pt<100 	5<chiso range<10 	41.8835	10.0398	31.8437	10.0128	31.9066	0.00614062	0.00997344
65 <pt<100 	5<chiso range<11 	41.8835	10.0398	31.8437	10.1167	31.8101	0.0170912	0.00528061
65 <pt<100 	5<chiso range<12 	41.8835	10.0398	31.8437	9.09866	32.8538	0.231047	0.16206
65 <pt<100 	5<chiso range<13 	41.8835	10.0398	31.8437	9.19997	32.7501	0.204719	0.145336
65 <pt<100 	6<chiso range<11 	41.8835	10.0398	31.8437	9.85011	32.0782	0.042343	0.0367203
65 <pt<100 	6<chiso range<12 	41.8835	10.0398	31.8437	8.73492	33.216	0.32767	0.220396
65 <pt<100 	6<chiso range<13 	41.8835	10.0398	31.8437	8.90566	33.0241	0.281522	0.189498
65 <pt<100 	7<chiso range<12 	41.8835	10.0398	31.8437	8.70496	33.2461	0.334462	0.224892
65 <pt<100 	7<chiso range<13 	41.8835	10.0398	31.8437	8.92821	33.0081	0.274506	0.186617
65 <pt<100 	8<chiso range<13 	41.8835	10.0398	31.8437	8.72346	33.2273	0.331229	0.222339
#######################################################################################
100 <pt<400 	3<chiso range<8 	22.8346	3.56592	19.2687	3.25562	19.6575	0.129868	0.0873498
100 <pt<400 	3<chiso range<9 	22.8346	3.56592	19.2687	3.12715	19.7854	0.190312	0.116689
100 <pt<400 	3<chiso range<10 	22.8346	3.56592	19.2687	2.87802	19.9862	0.327518	0.164936
100 <pt<400 	3<chiso range<11 	22.8346	3.56592	19.2687	2.94583	19.9684	0.289266	0.159755
100 <pt<400 	3<chiso range<12 	22.8346	3.56592	19.2687	2.90946	20.0061	0.310802	0.16868
100 <pt<400 	3<chiso range<13 	22.8346	3.56592	19.2687	3.02013	19.8864	0.248459	0.140658
100 <pt<400 	4<chiso range<9 	22.8346	3.56592	19.2687	2.91897	19.9787	0.298745	0.161867
100 <pt<400 	4<chiso range<10 	22.8346	3.56592	19.2687	2.66778	20.2335	0.460056	0.222852
100 <pt<400 	4<chiso range<11 	22.8346	3.56592	19.2687	2.81191	20.0862	0.368819	0.18815
100 <pt<400 	4<chiso range<12 	22.8346	3.56592	19.2687	2.76662	20.1189	0.397642	0.196028
100 <pt<400 	4<chiso range<13 	22.8346	3.56592	19.2687	2.91764	19.9959	0.30545	0.166274
100 <pt<400 	5<chiso range<10 	22.8346	3.56592	19.2687	2.50322	20.4107	0.577256	0.265131
100 <pt<400 	5<chiso range<11 	22.8346	3.56592	19.2687	2.65226	20.25	0.470677	0.226807
100 <pt<400 	5<chiso range<12 	22.8346	3.56592	19.2687	2.64401	20.2653	0.478164	0.230465
100 <pt<400 	5<chiso range<13 	22.8346	3.56592	19.2687	2.8091	20.0914	0.369173	0.189184
100 <pt<400 	6<chiso range<11 	22.8346	3.56592	19.2687	2.73396	20.1704	0.415119	0.207748
100 <pt<400 	6<chiso range<12 	22.8346	3.56592	19.2687	2.70756	20.1813	0.434386	0.210875
100 <pt<400 	6<chiso range<13 	22.8346	3.56592	19.2687	2.88461	20.0308	0.323044	0.174288
100 <pt<400 	7<chiso range<12 	22.8346	3.56592	19.2687	2.76557	20.1457	0.398204	0.201923
100 <pt<400 	7<chiso range<13 	22.8346	3.56592	19.2687	2.94999	19.916	0.286214	0.148217
100 <pt<400 	8<chiso range<13 	22.8346	3.56592	19.2687	2.87094	20.0351	0.334893	0.175955
#######################################################################################
