*	3	4	5	6	7	8
8	1.066
9	1.139	1.296
10	1.062	1.177	1.014
11	0.896	0.973	0.793	0.662
12	0.837	0.899	0.730	0.606	0.590
13	0.819	0.873	0.716	0.603	0.589	0.490
*	3	4	5	6	7	8
8	0.148
9	0.045	0.281
10	0.064	0.367	0.281
11	0.052	0.296	0.212	0.309
12	0.109	0.345	0.278	0.374	0.501
13	0.162	0.392	0.338	0.429	0.554	0.566
*	3	4	5	6	7	8
8	0.262
9	0.143	0.075
10	0.280	0.244	0.161
11	0.364	0.346	0.303	0.361
12	0.370	0.358	0.321	0.366	0.418
13	0.339	0.324	0.287	0.322	0.357	0.381
*	3	4	5	6	7	8
8	0.861
9	0.820	0.860
10	0.771	0.791	0.759
11	0.688	0.685	0.634	0.566
12	0.515	0.483	0.408	0.315	0.045
13	0.590	0.573	0.512	0.449	0.253	0.187
*	3	4	5	6	7	8
8	0.244
9	0.125	0.192
10	0.134	0.171	0.057
11	0.319	0.387	0.249	0.165
12	0.391	0.458	0.364	0.323	0.393
13	0.334	0.380	0.302	0.262	0.309	0.465
*	3	4	5	6	7	8
8	0.022
9	0.010	0.020
10	0.011	0.014	0.006
11	0.006	0.028	0.017	0.042
12	0.187	0.193	0.231	0.328	0.334
13	0.170	0.173	0.205	0.282	0.275	0.331
*	3	4	5	6	7	8
8	0.130
9	0.190	0.299
10	0.328	0.460	0.577
11	0.289	0.369	0.471	0.415
12	0.311	0.398	0.478	0.434	0.398
13	0.248	0.305	0.369	0.323	0.286	0.335
