pt: 20 ~ 25
*	3		4		5		6		7		8
8	1.44
9	1.78	1.22
10	1.63	1.11	1.16
11	1.54	1.05	1.08	0.64
12	1.32	0.84	0.82	0.38	0.71
13	1.126	0.639	0.596	0.152	0.392	0.656
############################################################
pt: 25 ~ 30
*	3		4		5		6		7		8
8	1.30
9	1.29	1.08
10	0.99	0.74	0.68
11	0.77	0.49	0.40	0.07
12	0.98	0.79	0.75	0.44	0.61
13	0.833	0.624	0.570	0.253	0.365	0.166
############################################################
pt: 30 ~ 35
*	3		4		5		6		7		8
8	0.20
9	0.15	0.32
10	0.29	0.46	0.97
11	0.38	0.56	1.01	1.08
12	0.46	0.64	1.05	1.12	0.97
13	0.555	0.727	1.114	1.194	1.077	1.049
############################################################
pt: 35 ~ 40
*	3		4		5		6		7		8
8	0.24
9	0.30	0.17
10	0.27	0.15	0.00
11	0.30	0.04	0.10	0.13
12	0.41	0.13	0.28	0.34	0.40
13	0.491	0.260	0.396	0.474	0.540	0.781
############################################################
pt: 40 ~ 45
*	3		4		5		6		7		8
8	0.49
9	0.53	0.63
10	0.47	0.55	0.23
11	0.49	0.56	0.30	0.59
12	0.62	0.69	0.49	0.77	0.61
13	0.602	0.671	0.487	0.739	0.585	0.736
############################################################
pt: 45 ~ 50
*	3		4		5		6		7		8
8	0.02
9	0.06	0.18
10	0.20	0.32	0.45
11	0.12	0.22	0.33	0.45
12	0.15	0.24	0.35	0.46	0.08
13	0.004	0.067	0.144	0.234	0.202	0.044
############################################################
pt: 50 ~ 60
*	3		4		5		6		7		8
8	0.11
9	0.04	0.03
10	0.15	0.24	0.24
11	0.21	0.30	0.32	0.56
12	0.42	0.53	0.59	0.88	1.05
13	0.430	0.535	0.591	0.842	0.984	1.127
############################################################
pt: 60 ~ 80
*	3		4		5		6		7		8
8	0.45
9	0.55	0.85
10	0.49	0.74	0.82
11	0.59	0.82	0.90	0.87
12	0.63	0.84	0.93	0.90	0.96
13	0.767	1.002	1.111	1.122	1.211	1.274
############################################################
pt: 80 ~ 120
*	3		4		5		6		7		8
8	0.04
9	0.18	0.16
10	0.38	0.41	0.64
11	0.41	0.44	0.64	0.87
12	0.51	0.55	0.78	1.02	1.66
13	0.417	0.439	0.614	0.784	1.204	1.180
############################################################
pt: 120 ~ 400
*	3		4		5		6		7		8
8	1.21
9	0.89	0.57
10	0.46	0.19	0.75
11	0.48	0.24	0.76	0.35
12	0.59	0.38	0.92	0.56	0.76
13	0.578	0.398	0.823	0.539	0.688	0.110
############################################################
