0
0
1
1
1
0
0
0
0
0
0
0
0
0
0
2
5
2
3
5
0
2
2
4
3
0
1
0
7
4
15
24
24
30
36
39
50
42
39
36
31
21
32
34
53
77
111
123
177
282
362
604
625
533
479
436
283
224
204
175
188
133
117
86
90
77
91
61
70
67
66
71
49
96
152
156
213
374
5517
12730
13939
13587
13538
13067
12950
12886
12683
12647
12516
12463
12538
12691
12661
12454
12508
12523
12675
12441
12459
12399
12401
12421
12331
12345
12493
12351
12194
12378
12382
12324
12299
12467
12404
12280
12136
12282
12340
12351
12150
12280
12325
12393
12389
12462
12440
12296
12141
12453
12693
12313
12664
12623
12593
12549
12413
12243
12620
12423
12361
12538
12499
12403
12211
12407
12466
12445
12180
12372
12351
12393
12399
12313
12400
12252
12149
12358
12329
12470
12243
12395
12573
12142
12406
12415
12357
12369
12349
12329
12516
12313
12873
12659
12651
12615
12703
12950
12944
12932
12936
12907
12885
13315
13221
13452
13475
13468
13589
13998
14185
14245
14393
14513
15099
14407
15237
15488
15572
15538
15821
16125
16561
16363
16499
16679
16966
16826
16872
17116
17122
16923
16890
16719
16794
16415
16434
16480
16339
16166
15793
15822
15543
15157
15219
14888
15030
14521
14601
14239
14086
14027
13807
13553
13495
13393
13206
13148
13199
12632
12658
12643
12802
12551
12342
12190
12421
12063
11934
11978
11860
11828
11925
11961
11597
11596
11557
11451
11833
11297
11440
11317
11391
11222
11163
11154
11287
11073
11098
11038
11138
11053
10887
11064
10997
10865
10802
10924
10924
10983
10834
10677
10759
10739
10787
10768
10751
10717
10667
10766
10860
10566
10560
10686
10579
10403
10493
10585
10706
10463
10466
10588
10511
10337
10428
10449
10576
10180
10331
10449
10378
10303
10281
10233
10344
10387
10146
10285
10211
10246
10183
10020
10458
10053
10330
10304
10361
10350
10237
10202
10254
10172
10483
10158
10233
10253
10060
10180
10389
10284
10229
10402
10449
10254
10402
10274
10286
10186
10373
10425
10421
10449
10418
10463
10762
10271
10332
10475
10388
10443
10663
10490
10699
10531
10622
10596
10722
10581
10629
10686
10901
10818
10651
10936
10856
10884
10808
10764
10827
11146
10834
11072
10998
10783
11028
11203
11214
11129
11134
11171
11130
11312
11394
11282
11402
11547
11477
11694
11694
11451
11443
11616
11735
11547
11516
11674
11763
11705
11770
11702
11601
11499
11459
11457
11338
11214
11264
11132
11012
10570
10745
10493
10564
10276
9773
9798
9693
9366
9267
9089
8862
8576
8234
8235
7956
7675
7465
7340
7034
6992
6640
6747
6349
6170
6099
6008
5822
5658
5587
5563
5446
5169
5117
4882
4960
4708
4856
4748
4633
4381
4473
4359
4328
4238
4187
4159
4065
3915
3962
4034
3926
3864
3915
3874
3819
3731
3727
3720
3727
3757
3769
3643
3596
3628
3666
3726
3838
3648
3746
3685
3672
3594
3561
3644
3689
3716
3715
3749
3642
3715
3695
3762
3639
3819
3708
3880
3824
3859
3938
4053
4017
4014
4076
4136
4443
4216
4496
4618
4645
4810
4880
5117
5245
5497
5850
6029
6554
6710
7252
7627
8215
8579
9145
9984
10654
11601
12412
13427
14302
15526
16894
18625
19547
21171
22573
24525
26277
27386
29774
31810
34183
36030
37847
40014
42027
43856
45747
47747
50116
51368
52830
54751
56528
57316
58181
59637
60478
60467
60663
60752
60819
60218
59663
58891
58784
56739
55500
54533
53541
49974
48968
46965
45241
42878
40968
38509
36606
34176
32179
29972
28347
25633
23982
22274
20478
18760
17026
15715
14204
12783
11652
10245
9305
8321
7449
6621
6008
5351
4633
4184
3746
3065
2866
2536
2184
1868
1662
1477
1286
1088
1008
884
764
681
604
525
496
404
357
345
286
307
240
240
220
184
197
175
173
154
155
166
154
146
124
133
155
127
130
136
126
111
134
150
118
106
111
123
108
138
104
127
114
108
123
121
125
113
117
105
125
115
110
108
122
96
121
113
88
105
104
116
117
98
119
104
125
102
119
113
94
101
93
103
101
90
106
106
97
94
94
107
100
105
96
96
100
100
93
80
92
97
101
98
94
85
86
84
99
88
86
100
102
90
90
83
73
88
106
88
101
69
90
104
85
75
84
98
97
75
101
89
91
89
77
68
74
74
85
70
93
73
76
63
84
77
65
62
64
84
75
82
76
69
67
75
69
61
61
64
69
79
68
79
57
65
60
66
73
65
73
70
56
58
61
73
60
67
59
66
50
67
48
66
53
64
58
60
68
61
60
56
41
66
62
59
50
43
57
47
39
57
46
51
53
40
36
47
59
57
47
51
44
40
52
31
53
26
65
31
41
46
33
33
35
28
24
24
24
31
29
19
18
26
22
17
14
10
22
22
21
25
23
16
16
19
8
16
19
13
21
16
20
7
10
20
14
9
10
10
8
14
10
10
8
10
6
10
11
9
10
12
12
7
11
6
12
9
9
9
11
12
8
8
10
6
9
7
13
1
4
18
10
7
6
13
13
10
11
7
8
7
7
5
10
10
11
10
6
9
6
7
7
6
8
7
13
7
10
9
4
5
13
5
13
6
6
6
11
7
6
9
5
10
9
11
8
13
13
8
8
16
8
16
8
8
11
9
11
7
12
10
10
9
12
9
14
7
4
10
12
6
11
11
14
15
5
12
6
13
10
8
10
13
10
7
9
15
8
10
15
7
13
14
13
14
8
14
9
7
9
18
9
12
17
13
14
15
10
15
13
16
11
17
12
13
15
15
14
13
18
15
14
12
0
0
