0
0
0
0
1
0
0
0
0
1
0
0
0
1
1
1
4
3
4
5
2
5
2
0
2
1
4
3
5
7
6
20
22
36
37
49
40
46
45
52
40
52
37
35
57
87
118
174
227
335
532
733
743
672
508
417
327
237
221
205
174
172
107
111
116
100
73
113
79
75
94
93
113
135
220
301
380
586
6668
16563
18234
17788
17625
17368
17375
16810
16847
16759
16897
16777
16820
16949
16679
16621
16490
16683
16875
16648
16691
16692
16700
16640
16641
16386
16645
16617
16503
16762
16731
16384
16388
16666
16816
16342
16675
16645
16656
16843
16768
16908
16545
17153
16722
17226
17290
17087
17023
17207
17438
16934
17351
17035
17465
17257
17151
17568
17175
17485
17362
17224
17355
17212
17102
17223
17386
17217
17373
17187
17376
17329
17390
17750
17542
17506
17855
17653
17707
17480
17715
17688
17910
17494
17667
17801
18037
17794
17863
17870
18237
17894
18107
18311
18342
18163
18247
18472
18908
18646
19085
19150
19267
18917
19491
19871
19976
20535
20847
21143
21699
21656
22228
22940
23461
23070
24300
24394
25035
25135
25489
26217
26364
26304
27064
26898
27269
27159
26965
26976
27508
26839
26796
26542
26395
26098
25628
25376
25121
24295
24117
23659
23559
22905
22183
22324
22154
21200
21075
20827
20205
19958
19407
18902
18895
18327
18348
18135
17832
17516
17085
17116
17233
16658
16661
16386
16497
15916
15719
15637
15787
15329
15296
15357
15270
14935
14871
14783
14793
14136
14436
14122
14375
14013
14059
14095
14031
13977
13936
13681
13967
13762
13412
13709
13716
13585
13428
13269
13371
13294
13265
13136
13245
13011
13370
12949
12870
12873
12897
12944
13065
12688
12880
12763
12850
12767
12394
12528
12492
12380
12635
12554
12425
12656
12404
12520
12621
12451
12281
12313
12471
12336
12266
12432
12272
12121
12242
12195
12397
12221
12028
12189
12322
12034
12184
12292
12097
12014
12047
12035
12043
11839
12111
12121
12252
12070
12068
12002
12027
12042
11945
12069
11911
12000
12215
12005
11944
12024
12190
12293
12076
12103
11939
11935
12423
12061
11840
11922
11875
12163
12045
12105
12332
12081
12192
11936
12233
12181
12248
12196
12358
12263
12240
12172
12283
12219
12175
12104
12108
12142
12370
12505
12439
12351
12343
12256
12535
12280
12339
12262
12430
12307
12243
12369
12365
12521
12591
12661
12693
12565
12369
12674
12509
12326
12588
12431
12353
12386
12157
12317
12312
11850
12064
11820
11732
11636
11302
11232
11026
10682
10626
10388
10264
10031
9773
9685
9361
8985
8888
8633
8476
8250
7946
7830
7571
7314
7223
7215
6860
6719
6491
6323
6112
6116
5926
5704
5607
5504
5423
5388
5402
5126
5038
4910
4855
4809
4726
4703
4614
4503
4577
4431
4392
4336
4178
4235
4087
4067
4136
4165
4063
4068
3891
4049
3902
3935
3827
3776
3837
3899
3689
3786
3794
3804
3622
3720
3740
3818
3677
3733
3743
3719
3707
3768
3731
3823
3791
3701
3729
3873
3856
3944
3915
3970
3899
3969
3958
4096
4093
4226
4263
4302
4467
4373
4722
4690
4932
5186
5389
5379
5693
6073
6478
6705
7200
7546
8086
8706
9267
10166
11004
11760
12674
13764
14952
15963
17498
18780
20741
21559
23320
25234
26977
28760
30885
32915
35489
36254
39074
41414
43572
45113
46993
49116
50914
52442
54102
55426
57597
57911
58591
60065
61186
59801
60045
61169
60452
59505
59263
58215
57091
55906
54351
52958
51244
48784
46593
44679
43702
40565
38574
36847
34539
32114
29681
27762
25727
23745
21874
20293
18671
16783
15210
14035
12702
11304
10177
9419
8317
7266
6470
5900
5236
4515
4000
3615
3156
2695
2387
2113
1850
1622
1489
1307
1125
1037
837
784
620
604
498
508
451
396
338
319
297
280
254
236
238
216
212
193
196
173
183
164
203
167
180
160
176
166
171
164
162
195
172
168
149
154
123
140
159
147
157
144
134
144
136
145
122
151
141
146
138
123
131
174
145
147
153
152
153
117
147
141
126
114
121
123
156
117
143
134
131
121
128
147
141
128
135
126
127
134
125
131
121
124
116
117
110
148
114
116
126
115
120
123
132
114
115
118
115
126
98
111
127
112
107
115
107
104
102
132
109
103
119
128
101
93
96
100
97
126
88
107
106
89
84
94
95
104
97
104
95
86
86
83
86
92
93
101
100
117
95
81
81
86
80
76
70
82
75
85
75
76
93
75
82
72
77
75
68
82
69
65
65
63
70
76
87
86
62
58
66
54
62
76
79
72
71
60
63
62
73
70
65
56
56
66
59
61
59
57
68
62
57
57
63
51
53
66
56
67
59
67
41
59
55
47
50
56
62
52
51
44
55
42
42
39
37
39
44
45
33
33
34
35
28
22
30
19
21
27
29
13
18
30
22
21
20
22
19
16
15
11
9
12
16
13
18
25
14
12
13
17
8
15
7
13
14
11
12
14
9
8
16
13
9
13
15
7
6
11
7
6
12
17
7
12
8
10
20
7
13
8
7
15
16
9
9
8
9
11
8
8
10
13
9
4
12
8
7
8
10
14
14
11
8
9
10
7
8
16
12
12
4
11
5
6
6
11
18
11
9
10
11
10
8
10
11
7
10
8
11
7
11
9
6
13
12
13
9
12
7
10
7
12
9
7
10
7
16
8
8
10
12
14
7
15
8
9
15
14
11
16
12
10
11
19
9
5
12
13
15
12
8
19
10
7
7
10
10
14
23
11
12
14
10
13
12
16
10
12
14
18
18
12
15
10
8
11
10
12
15
15
17
17
14
13
7
20
1
0
