pt range	chiso range	DataNumber	FakeNumber	TrueNumber	fitFake_number	fitTrue_number	closureFake_test	closureTrue_test
#######################################################################################
20 <pt<25 	3<chiso range<8 	597.296	105.977	113.066	119.641	205.407	1.43951	4.38656
20 <pt<25 	3<chiso range<9 	597.296	105.977	113.066	123.373	201.971	1.77564	4.18775
20 <pt<25 	3<chiso range<10 	597.296	105.977	113.066	121.702	202.916	1.63139	4.25382
20 <pt<25 	3<chiso range<11 	597.296	105.977	113.066	120.633	203.766	1.53552	4.30699
20 <pt<25 	3<chiso range<12 	597.296	105.977	113.066	118.36	205.887	1.32265	4.42924
20 <pt<25 	3<chiso range<13 	597.296	105.977	113.066	116.346	207.968	1.12607	4.54575
20 <pt<25 	4<chiso range<9 	597.296	105.977	113.066	117.301	207.883	1.21665	4.5276
20 <pt<25 	4<chiso range<10 	597.296	105.977	113.066	116.201	208.133	1.1121	4.55712
20 <pt<25 	4<chiso range<11 	597.296	105.977	113.066	115.605	208.522	1.05379	4.58513
20 <pt<25 	4<chiso range<12 	597.296	105.977	113.066	113.467	210.523	0.835501	4.70246
20 <pt<25 	4<chiso range<13 	597.296	105.977	113.066	111.621	212.468	0.63949	4.81177
20 <pt<25 	5<chiso range<10 	597.296	105.977	113.066	116.638	206.974	1.15923	4.50798
20 <pt<25 	5<chiso range<11 	597.296	105.977	113.066	115.839	207.663	1.08061	4.55192
20 <pt<25 	5<chiso range<12 	597.296	105.977	113.066	113.314	210.086	0.821757	4.69144
20 <pt<25 	5<chiso range<13 	597.296	105.977	113.066	111.21	212.353	0.596486	4.81756
20 <pt<25 	6<chiso range<11 	597.296	105.977	113.066	111.626	211.808	0.642615	4.79502
20 <pt<25 	6<chiso range<12 	597.296	105.977	113.066	109.21	214.089	0.375747	4.92687
20 <pt<25 	6<chiso range<13 	597.296	105.977	113.066	107.262	216.249	0.151841	5.04683
20 <pt<25 	7<chiso range<12 	597.296	105.977	113.066	112.227	211.501	0.705535	4.76445
20 <pt<25 	7<chiso range<13 	597.296	105.977	113.066	109.369	214.591	0.39234	4.93799
20 <pt<25 	8<chiso range<13 	597.296	105.977	113.066	111.758	211.682	0.6556	4.77731
#######################################################################################
25 <pt<30 	3<chiso range<8 	282.736	49.1596	65.0926	58.3257	117.422	1.29546	3.40363
25 <pt<30 	3<chiso range<9 	282.736	49.1596	65.0926	58.3055	117.693	1.28938	3.41517
25 <pt<30 	3<chiso range<10 	282.736	49.1596	65.0926	55.8868	120.376	0.986062	3.62023
25 <pt<30 	3<chiso range<11 	282.736	49.1596	65.0926	54.2567	122.223	0.767962	3.7618
25 <pt<30 	3<chiso range<12 	282.736	49.1596	65.0926	55.8898	120.72	0.983097	3.63521
25 <pt<30 	3<chiso range<13 	282.736	49.1596	65.0926	54.7478	121.922	0.832915	3.73053
25 <pt<30 	4<chiso range<9 	282.736	49.1596	65.0926	56.5759	119.124	1.08072	3.541
25 <pt<30 	4<chiso range<10 	282.736	49.1596	65.0926	54.0086	122.094	0.736921	3.7667
25 <pt<30 	4<chiso range<11 	282.736	49.1596	65.0926	52.316	124.025	0.493874	3.91525
25 <pt<30 	4<chiso range<12 	282.736	49.1596	65.0926	54.3907	122.137	0.785967	3.75361
25 <pt<30 	4<chiso range<13 	282.736	49.1596	65.0926	53.2251	123.364	0.623763	3.85133
25 <pt<30 	5<chiso range<10 	282.736	49.1596	65.0926	53.6077	122.444	0.681231	3.79632
25 <pt<30 	5<chiso range<11 	282.736	49.1596	65.0926	51.6843	124.647	0.399877	3.9672
25 <pt<30 	5<chiso range<12 	282.736	49.1596	65.0926	54.147	122.392	0.752469	3.77312
25 <pt<30 	5<chiso range<13 	282.736	49.1596	65.0926	52.8515	123.753	0.570259	3.88217
25 <pt<30 	6<chiso range<11 	282.736	49.1596	65.0926	48.7384	128.049	0.070413	4.23327
25 <pt<30 	6<chiso range<12 	282.736	49.1596	65.0926	51.9879	124.997	0.442445	3.97076
25 <pt<30 	6<chiso range<13 	282.736	49.1596	65.0926	50.7408	126.237	0.253365	4.0739
25 <pt<30 	7<chiso range<12 	282.736	49.1596	65.0926	53.175	124.96	0.607454	3.92506
25 <pt<30 	7<chiso range<13 	282.736	49.1596	65.0926	51.4952	126.442	0.365388	4.05463
25 <pt<30 	8<chiso range<13 	282.736	49.1596	65.0926	50.1943	127.978	0.16579	4.17469
#######################################################################################
30 <pt<35 	3<chiso range<8 	157.172	27.9973	43.728	26.9164	85.8766	0.203934	3.48609
30 <pt<35 	3<chiso range<9 	157.172	27.9973	43.728	27.1715	85.5044	0.154829	3.45322
30 <pt<35 	3<chiso range<10 	157.172	27.9973	43.728	26.5052	86.0194	0.28774	3.52044
30 <pt<35 	3<chiso range<11 	157.172	27.9973	43.728	26.0289	86.7425	0.38464	3.58822
30 <pt<35 	3<chiso range<12 	157.172	27.9973	43.728	25.6573	87.0248	0.464964	3.62699
30 <pt<35 	3<chiso range<13 	157.172	27.9973	43.728	25.2487	87.3997	0.555187	3.67075
30 <pt<35 	4<chiso range<9 	157.172	27.9973	43.728	26.3309	86.2725	0.322995	3.54475
30 <pt<35 	4<chiso range<10 	157.172	27.9973	43.728	25.678	86.7593	0.46267	3.61037
30 <pt<35 	4<chiso range<11 	157.172	27.9973	43.728	25.235	87.5017	0.557403	3.67803
30 <pt<35 	4<chiso range<12 	157.172	27.9973	43.728	24.8958	87.7456	0.635977	3.71319
30 <pt<35 	4<chiso range<13 	157.172	27.9973	43.728	24.5079	88.098	0.727063	3.7546
30 <pt<35 	5<chiso range<10 	157.172	27.9973	43.728	23.5653	88.8076	0.965155	3.85108
30 <pt<35 	5<chiso range<11 	157.172	27.9973	43.728	23.3826	89.3471	1.00604	3.89424
30 <pt<35 	5<chiso range<12 	157.172	27.9973	43.728	23.2352	89.3919	1.04761	3.90744
30 <pt<35 	5<chiso range<13 	157.172	27.9973	43.728	22.9876	89.5987	1.11406	3.93183
30 <pt<35 	6<chiso range<11 	157.172	27.9973	43.728	23.0936	89.5634	1.08397	3.92366
30 <pt<35 	6<chiso range<12 	157.172	27.9973	43.728	22.9579	89.5903	1.12389	3.9355
30 <pt<35 	6<chiso range<13 	157.172	27.9973	43.728	22.7012	89.81	1.19437	3.96091
30 <pt<35 	7<chiso range<12 	157.172	27.9973	43.728	23.5017	89.2623	0.973769	3.88035
30 <pt<35 	7<chiso range<13 	157.172	27.9973	43.728	23.1133	89.5746	1.07665	3.91938
30 <pt<35 	8<chiso range<13 	157.172	27.9973	43.728	23.2432	89.3031	1.04929	3.9077
#######################################################################################
35 <pt<40 	3<chiso range<8 	95.2131	13.3735	30.7794	14.2756	57.6303	0.240093	2.84823
35 <pt<40 	3<chiso range<9 	95.2131	13.3735	30.7794	14.5278	57.2919	0.302948	2.8066
35 <pt<40 	3<chiso range<10 	95.2131	13.3735	30.7794	14.3734	57.3204	0.266641	2.82137
35 <pt<40 	3<chiso range<11 	95.2131	13.3735	30.7794	14.526	57.1803	0.303977	2.80034
35 <pt<40 	3<chiso range<12 	95.2131	13.3735	30.7794	15.0006	56.7846	0.414279	2.73735
35 <pt<40 	3<chiso range<13 	95.2131	13.3735	30.7794	15.3514	56.508	0.490656	2.69213
35 <pt<40 	4<chiso range<9 	95.2131	13.3735	30.7794	12.8166	58.9679	0.165679	3.05119
35 <pt<40 	4<chiso range<10 	95.2131	13.3735	30.7794	12.8588	58.791	0.153555	3.03763
35 <pt<40 	4<chiso range<11 	95.2131	13.3735	30.7794	13.2212	58.4498	0.0441689	2.98636
35 <pt<40 	4<chiso range<12 	95.2131	13.3735	30.7794	13.8604	57.9001	0.134202	2.89854
35 <pt<40 	4<chiso range<13 	95.2131	13.3735	30.7794	14.3548	57.4887	0.260306	2.83227
35 <pt<40 	5<chiso range<10 	95.2131	13.3735	30.7794	13.3591	58.307	0.00413431	2.96605
35 <pt<40 	5<chiso range<11 	95.2131	13.3735	30.7794	13.7145	57.9741	0.0953084	2.91619
35 <pt<40 	5<chiso range<12 	95.2131	13.3735	30.7794	14.416	57.3758	0.276007	2.82073
35 <pt<40 	5<chiso range<13 	95.2131	13.3735	30.7794	14.927	56.9589	0.395733	2.7533
35 <pt<40 	6<chiso range<11 	95.2131	13.3735	30.7794	13.8371	57.6693	0.129465	2.88838
35 <pt<40 	6<chiso range<12 	95.2131	13.3735	30.7794	14.6839	56.9597	0.342941	2.77481
35 <pt<40 	6<chiso range<13 	95.2131	13.3735	30.7794	15.2655	56.5018	0.473954	2.69959
35 <pt<40 	7<chiso range<12 	95.2131	13.3735	30.7794	14.9175	56.8456	0.395855	2.74883
35 <pt<40 	7<chiso range<13 	95.2131	13.3735	30.7794	15.5855	56.3099	0.539683	2.6611
35 <pt<40 	8<chiso range<13 	95.2131	13.3735	30.7794	16.8092	54.9887	0.780665	2.48518
#######################################################################################
40 <pt<45 	3<chiso range<8 	63.3736	8.21353	22.9851	9.79581	39.6773	0.489099	2.14357
40 <pt<45 	3<chiso range<9 	63.3736	8.21353	22.9851	9.96129	39.4945	0.532099	2.11435
40 <pt<45 	3<chiso range<10 	63.3736	8.21353	22.9851	9.73383	39.696	0.47433	2.1512
40 <pt<45 	3<chiso range<11 	63.3736	8.21353	22.9851	9.79122	39.6171	0.490127	2.13992
40 <pt<45 	3<chiso range<12 	63.3736	8.21353	22.9851	10.2951	39.1157	0.615248	2.05448
40 <pt<45 	3<chiso range<13 	63.3736	8.21353	22.9851	10.2353	39.1461	0.602115	2.06223
40 <pt<45 	4<chiso range<9 	63.3736	8.21353	22.9851	10.3718	39.1637	0.628198	2.05101
40 <pt<45 	4<chiso range<10 	63.3736	8.21353	22.9851	10.0394	39.4502	0.550458	2.10379
40 <pt<45 	4<chiso range<11 	63.3736	8.21353	22.9851	10.0698	39.3862	0.559219	2.09621
40 <pt<45 	4<chiso range<12 	63.3736	8.21353	22.9851	10.6291	38.825	0.689893	2.0017
40 <pt<45 	4<chiso range<13 	63.3736	8.21353	22.9851	10.5364	38.879	0.670776	2.01415
40 <pt<45 	5<chiso range<10 	63.3736	8.21353	22.9851	8.91127	40.7032	0.234785	2.30861
40 <pt<45 	5<chiso range<11 	63.3736	8.21353	22.9851	9.10812	40.4459	0.29574	2.26934
40 <pt<45 	5<chiso range<12 	63.3736	8.21353	22.9851	9.81637	39.7272	0.492345	2.14596
40 <pt<45 	5<chiso range<13 	63.3736	8.21353	22.9851	9.79088	39.6962	0.487465	2.14576
40 <pt<45 	6<chiso range<11 	63.3736	8.21353	22.9851	10.2141	39.2416	0.59461	2.07253
40 <pt<45 	6<chiso range<12 	63.3736	8.21353	22.9851	11.0172	38.4294	0.773288	1.93671
40 <pt<45 	6<chiso range<13 	63.3736	8.21353	22.9851	10.8435	38.5504	0.739304	1.96145
40 <pt<45 	7<chiso range<12 	63.3736	8.21353	22.9851	10.2593	39.0847	0.609566	2.05594
40 <pt<45 	7<chiso range<13 	63.3736	8.21353	22.9851	10.1522	39.1508	0.585137	2.07071
40 <pt<45 	8<chiso range<13 	63.3736	8.21353	22.9851	10.801	38.4724	0.73606	1.95989
#######################################################################################
45 <pt<50 	3<chiso range<8 	43.543	5.72936	16.7455	5.77722	27.4529	0.0221504	1.74317
45 <pt<50 	3<chiso range<9 	43.543	5.72936	16.7455	5.85912	27.4221	0.0589373	1.73138
45 <pt<50 	3<chiso range<10 	43.543	5.72936	16.7455	6.19571	27.1288	0.199734	1.66734
45 <pt<50 	3<chiso range<11 	43.543	5.72936	16.7455	6.00276	27.3045	0.120899	1.70403
45 <pt<50 	3<chiso range<12 	43.543	5.72936	16.7455	6.07489	27.2256	0.151117	1.68871
45 <pt<50 	3<chiso range<13 	43.543	5.72936	16.7455	5.72077	27.5803	0.00398453	1.76115
45 <pt<50 	4<chiso range<9 	43.543	5.72936	16.7455	6.14443	27.2267	0.178912	1.68539
45 <pt<50 	4<chiso range<10 	43.543	5.72936	16.7455	6.51026	26.9066	0.316717	1.61617
45 <pt<50 	4<chiso range<11 	43.543	5.72936	16.7455	6.2489	27.129	0.219691	1.66262
45 <pt<50 	4<chiso range<12 	43.543	5.72936	16.7455	6.31202	27.0502	0.244295	1.64815
45 <pt<50 	4<chiso range<13 	43.543	5.72936	16.7455	5.8778	27.4782	0.0667614	1.73548
45 <pt<50 	5<chiso range<10 	43.543	5.72936	16.7455	6.9055	26.5918	0.449018	1.55054
45 <pt<50 	5<chiso range<11 	43.543	5.72936	16.7455	6.5483	26.882	0.330021	1.61049
45 <pt<50 	5<chiso range<12 	43.543	5.72936	16.7455	6.59068	26.8146	0.345508	1.59883
45 <pt<50 	5<chiso range<13 	43.543	5.72936	16.7455	6.0603	27.3312	0.144198	1.70364
45 <pt<50 	6<chiso range<11 	43.543	5.72936	16.7455	6.94896	26.6655	0.454329	1.54522
45 <pt<50 	6<chiso range<12 	43.543	5.72936	16.7455	6.9571	26.5953	0.459313	1.53709
45 <pt<50 	6<chiso range<13 	43.543	5.72936	16.7455	6.29403	27.2231	0.233775	1.66621
45 <pt<50 	7<chiso range<12 	43.543	5.72936	16.7455	5.91416	27.5602	0.0816529	1.73937
45 <pt<50 	7<chiso range<13 	43.543	5.72936	16.7455	5.31784	28.1252	0.202318	1.85913
45 <pt<50 	8<chiso range<13 	43.543	5.72936	16.7455	5.63419	27.7758	0.0443334	1.78958
#######################################################################################
50 <pt<60 	3<chiso range<8 	55.3336	6.85406	24.1661	7.13594	36.7812	0.105784	1.752
50 <pt<60 	3<chiso range<9 	55.3336	6.85406	24.1661	6.95051	36.9823	0.0370333	1.78499
50 <pt<60 	3<chiso range<10 	55.3336	6.85406	24.1661	6.49155	37.5809	0.147785	1.87912
50 <pt<60 	3<chiso range<11 	55.3336	6.85406	24.1661	6.33636	37.8247	0.214547	1.91521
50 <pt<60 	3<chiso range<12 	55.3336	6.85406	24.1661	5.91869	38.1493	0.418847	1.98451
50 <pt<60 	3<chiso range<13 	55.3336	6.85406	24.1661	5.89494	38.1932	0.430373	1.9905
50 <pt<60 	4<chiso range<9 	55.3336	6.85406	24.1661	6.78178	37.1727	0.0283735	1.81735
50 <pt<60 	4<chiso range<10 	55.3336	6.85406	24.1661	6.28569	37.8262	0.238468	1.92009
50 <pt<60 	4<chiso range<11 	55.3336	6.85406	24.1661	6.14577	38.0626	0.301401	1.95438
50 <pt<60 	4<chiso range<12 	55.3336	6.85406	24.1661	5.70701	38.3889	0.531502	2.02623
50 <pt<60 	4<chiso range<13 	55.3336	6.85406	24.1661	5.69864	38.4177	0.535095	2.02942
50 <pt<60 	5<chiso range<10 	55.3336	6.85406	24.1661	6.27728	37.8001	0.243193	1.91916
50 <pt<60 	5<chiso range<11 	55.3336	6.85406	24.1661	6.1135	38.0845	0.317242	1.9599
50 <pt<60 	5<chiso range<12 	55.3336	6.85406	24.1661	5.60107	38.4704	0.593255	2.04427
50 <pt<60 	5<chiso range<13 	55.3336	6.85406	24.1661	5.60246	38.4942	0.590957	2.04599
50 <pt<60 	6<chiso range<11 	55.3336	6.85406	24.1661	5.63703	38.7334	0.555103	2.0601
50 <pt<60 	6<chiso range<12 	55.3336	6.85406	24.1661	5.13282	38.9802	0.87926	2.13308
50 <pt<60 	6<chiso range<13 	55.3336	6.85406	24.1661	5.18514	38.9505	0.842357	2.12538
50 <pt<60 	7<chiso range<12 	55.3336	6.85406	24.1661	4.88906	39.3138	1.0508	2.1857
50 <pt<60 	7<chiso range<13 	55.3336	6.85406	24.1661	4.97789	39.1823	0.983586	2.16659
50 <pt<60 	8<chiso range<13 	55.3336	6.85406	24.1661	4.78901	39.4274	1.12672	2.20631
#######################################################################################
60 <pt<80 	3<chiso range<8 	49.8426	6.47281	24.6803	5.48294	36.0167	0.449943	1.67339
60 <pt<80 	3<chiso range<9 	49.8426	6.47281	24.6803	5.29956	36.1933	0.551827	1.70664
60 <pt<80 	3<chiso range<10 	49.8426	6.47281	24.6803	5.40271	36.0846	0.494165	1.68705
60 <pt<80 	3<chiso range<11 	49.8426	6.47281	24.6803	5.24197	36.2512	0.58522	1.71746
60 <pt<80 	3<chiso range<12 	49.8426	6.47281	24.6803	5.1707	36.328	0.627118	1.73122
60 <pt<80 	3<chiso range<13 	49.8426	6.47281	24.6803	4.95061	36.5244	0.767087	1.77
60 <pt<80 	4<chiso range<9 	49.8426	6.47281	24.6803	4.82479	36.7458	0.846789	1.80203
60 <pt<80 	4<chiso range<10 	49.8426	6.47281	24.6803	4.99344	36.5242	0.735771	1.76604
60 <pt<80 	4<chiso range<11 	49.8426	6.47281	24.6803	4.87129	36.6487	0.816028	1.78928
60 <pt<80 	4<chiso range<12 	49.8426	6.47281	24.6803	4.82944	36.7374	0.844104	1.80097
60 <pt<80 	4<chiso range<13 	49.8426	6.47281	24.6803	4.61361	36.9292	1.00202	1.83888
60 <pt<80 	5<chiso range<10 	49.8426	6.47281	24.6803	4.87001	36.6471	0.821199	1.78898
60 <pt<80 	5<chiso range<11 	49.8426	6.47281	24.6803	4.7488	36.7827	0.904579	1.81316
60 <pt<80 	5<chiso range<12 	49.8426	6.47281	24.6803	4.71434	36.8245	0.928379	1.82007
60 <pt<80 	5<chiso range<13 	49.8426	6.47281	24.6803	4.4787	37.0352	1.11063	1.86138
60 <pt<80 	6<chiso range<11 	49.8426	6.47281	24.6803	4.80324	36.6593	0.872321	1.79607
60 <pt<80 	6<chiso range<12 	49.8426	6.47281	24.6803	4.75548	36.7242	0.904377	1.80644
60 <pt<80 	6<chiso range<13 	49.8426	6.47281	24.6803	4.47198	36.9882	1.12246	1.85729
60 <pt<80 	7<chiso range<12 	49.8426	6.47281	24.6803	4.67227	36.8741	0.95778	1.82817
60 <pt<80 	7<chiso range<13 	49.8426	6.47281	24.6803	4.3575	37.1564	1.21051	1.88386
60 <pt<80 	8<chiso range<13 	49.8426	6.47281	24.6803	4.28584	37.2156	1.27441	1.89624
#######################################################################################
80 <pt<120 	3<chiso range<8 	29.6583	2.58132	17.2209	2.53703	21.5052	0.0363635	0.861809
80 <pt<120 	3<chiso range<9 	29.6583	2.58132	17.2209	2.37863	21.7051	0.176231	0.904441
80 <pt<120 	3<chiso range<10 	29.6583	2.58132	17.2209	2.1763	21.9246	0.383502	0.953256
80 <pt<120 	3<chiso range<11 	29.6583	2.58132	17.2209	2.15421	21.9415	0.408882	0.957452
80 <pt<120 	3<chiso range<12 	29.6583	2.58132	17.2209	2.07525	21.9639	0.507706	0.966248
80 <pt<120 	3<chiso range<13 	29.6583	2.58132	17.2209	2.1511	21.8829	0.416795	0.948151
80 <pt<120 	4<chiso range<9 	29.6583	2.58132	17.2209	2.39488	21.7269	0.16	0.906992
80 <pt<120 	4<chiso range<10 	29.6583	2.58132	17.2209	2.15132	21.9869	0.409255	0.965049
80 <pt<120 	4<chiso range<11 	29.6583	2.58132	17.2209	2.12848	21.9994	0.436397	0.968639
80 <pt<120 	4<chiso range<12 	29.6583	2.58132	17.2209	2.04224	22.0121	0.548009	0.976206
80 <pt<120 	4<chiso range<13 	29.6583	2.58132	17.2209	2.13117	21.916	0.439081	0.954778
80 <pt<120 	5<chiso range<10 	29.6583	2.58132	17.2209	1.96494	22.2081	0.638708	1.01373
80 <pt<120 	5<chiso range<11 	29.6583	2.58132	17.2209	1.96173	22.1937	0.644897	1.0115
80 <pt<120 	5<chiso range<12 	29.6583	2.58132	17.2209	1.87749	22.1863	0.777033	1.01564
80 <pt<120 	5<chiso range<13 	29.6583	2.58132	17.2209	1.992	22.064	0.614196	0.98813
80 <pt<120 	6<chiso range<11 	29.6583	2.58132	17.2209	1.80284	22.4115	0.872257	1.05872
80 <pt<120 	6<chiso range<12 	29.6583	2.58132	17.2209	1.72708	22.3595	1.02041	1.05491
80 <pt<120 	6<chiso range<13 	29.6583	2.58132	17.2209	1.87147	22.2052	0.784335	1.01994
80 <pt<120 	7<chiso range<12 	29.6583	2.58132	17.2209	1.43079	22.6511	1.65984	1.12191
80 <pt<120 	7<chiso range<13 	29.6583	2.58132	17.2209	1.63231	22.4014	1.20365	1.06837
80 <pt<120 	8<chiso range<13 	29.6583	2.58132	17.2209	1.64829	22.3418	1.18015	1.05711
#######################################################################################
120 <pt<400 	3<chiso range<8 	16.0893	1.04566	10.6704	0.506001	13.6759	1.20635	0.866148
120 <pt<400 	3<chiso range<9 	16.0893	1.04566	10.6704	0.585965	13.5985	0.885976	0.839454
120 <pt<400 	3<chiso range<10 	16.0893	1.04566	10.6704	0.745736	13.4368	0.45807	0.782481
120 <pt<400 	3<chiso range<11 	16.0893	1.04566	10.6704	0.73411	13.4432	0.484339	0.785002
120 <pt<400 	3<chiso range<12 	16.0893	1.04566	10.6704	0.687263	13.4772	0.594004	0.798723
120 <pt<400 	3<chiso range<13 	16.0893	1.04566	10.6704	0.695327	13.4572	0.577915	0.792871
120 <pt<400 	4<chiso range<9 	16.0893	1.04566	10.6704	0.695455	13.4925	0.569469	0.803001
120 <pt<400 	4<chiso range<10 	16.0893	1.04566	10.6704	0.894993	13.2914	0.192144	0.732919
120 <pt<400 	4<chiso range<11 	16.0893	1.04566	10.6704	0.866752	13.3095	0.236209	0.739921
120 <pt<400 	4<chiso range<12 	16.0893	1.04566	10.6704	0.783191	13.3997	0.381778	0.769751
120 <pt<400 	4<chiso range<13 	16.0893	1.04566	10.6704	0.776547	13.3884	0.398167	0.767701
120 <pt<400 	5<chiso range<10 	16.0893	1.04566	10.6704	0.629002	13.5556	0.751348	0.823411
120 <pt<400 	5<chiso range<11 	16.0893	1.04566	10.6704	0.627626	13.5427	0.759079	0.820369
120 <pt<400 	5<chiso range<12 	16.0893	1.04566	10.6704	0.578201	13.5915	0.915943	0.837856
120 <pt<400 	5<chiso range<13 	16.0893	1.04566	10.6704	0.608111	13.5548	0.823336	0.824996
120 <pt<400 	6<chiso range<11 	16.0893	1.04566	10.6704	0.802348	13.3688	0.348558	0.760762
120 <pt<400 	6<chiso range<12 	16.0893	1.04566	10.6704	0.70163	13.4772	0.559652	0.796843
120 <pt<400 	6<chiso range<13 	16.0893	1.04566	10.6704	0.712635	13.4307	0.539482	0.784986
120 <pt<400 	7<chiso range<12 	16.0893	1.04566	10.6704	0.627709	13.55	0.759567	0.822402
120 <pt<400 	7<chiso range<13 	16.0893	1.04566	10.6704	0.654942	13.5029	0.688148	0.807875
120 <pt<400 	8<chiso range<13 	16.0893	1.04566	10.6704	0.955452	13.1847	0.110009	0.7014
#######################################################################################
